 2 
 2 
 2 
 2 
 2 
 2 
 4 
 4 
 5 
 5 
 7 
 9 
11 
15 
16 
17 
17 
18 
20 
21 
21 
21 
17 
18 
17 
14 
17 
19 
19 
20 
24 
24 
29 
28 
31 
34 
37 
37 
41 
42 
43 
43 
43 
43 
41 
41 
40 
39 
39 
39 
 0 
 3 
 3 
 3 
 6 
 9 
 9 
10 
11 
11 
12 
12 
15 
16 
16 
15 
15 
15 
15 
14 
 0 
 1 
 1 
 2 
 2 
 3 
 8 
10 
13 
15 
16 
16 
18 
18 
18 
19 
21 
21 
22 
24 
25 
25 
25 
25 
25 
25 
 0 
 2 
 3 
 4 
 4 
 5 
 5 
 5 
 6 
 7 
12 
17 
21 
28 
29 
30 
30 
31 
32 
32 
32 
33 
33 
33 
33 
32 
32 
32 
32 
30 
29 
 0 
 1 
 1 
 1 
 1 
 2 
 3 
 3 
 4 
 6 
 6 
 6 
 7 
 7 
 7 
 8 
13 
15 
17 
22 
25 
29 
29 
29 
30 
30 
30 
30 
30 
29 
29 
29 
28 
28 
28 
 0 
 1 
 5 
13 
23 
29 
32 
32 
33 
33 
33 
34 
34 
34 
34 
34 
34 
34 
34 
34 
34 
34 
 0 
 2 
10 
14 
18 
19 
21 
23 
23 
23 
23 
24 
25 
25 
25 
25 
25 
25 
26 
24 
23 
22 
20 
20 
 0 
 1 
 2 
 3 
 6 
 8 
 9 
14 
17 
18 
19 
19 
21 
25 
30 
29 
29 
27 
26 
36 
34 
38 
39 
38 
41 
43 
42 
42 
41 
41 
41 
41 
41 
41 
41 
41 
41 
41 
40 
39 
38 
38 
37 
 0 
 3 
 5 
 9 
17 
22 
26 
29 
31 
31 
32 
32 
32 
32 
32 
31 
31 
31 
 0 
 2 
 3 
 6 
11 
11 
12 
12 
11 
13 
11 
15 
16 
16 
16 
16 
19 
20 
21 
21 
20 
20 
20 
20 
20 
20 
 0 
 1 
 1 
 8 
17 
18 
20 
20 
22 
23 
22 
22 
22 
22 
22 
22 
22 
21 
21 
21 
 0 
 1 
 2 
 3 
 3 
 3 
 4 
 4 
 4 
 4 
 4 
 5 
 5 
 5 
 6 
 6 
 6 
 6 
 8 
 6 
 6 
 6 
 6 
 7 
 8 
 8 
 8 
 8 
 8 
 8 
 9 
 9 
 9 
 9 
 9 
 8 
 9 
 8 
 8 
11 
10 
10 
10 
10 
10 
10 
13 
10 
11 
11 
11 
13 
13 
13 
12 
12 
10 
 0 
 1 
 1 
 1 
 1 
 2 
 2 
 2 
 2 
 2 
 2 
 3 
 3 
 3 
 3 
 3 
 3 
 3 
 4 
 4 
 4 
 6 
 6 
 9 
11 
13 
19 
22 
26 
28 
31 
31 
31 
31 
30 
29 
29 
26 
26 
26 
 0 
 3 
 4 
 4 
 5 
 5 
 5 
 5 
 5 
 5 
 5 
15 
21 
22 
25 
26 
27 
26 
28 
29 
28 
28 
27 
27 
27 
27 
27 
 0 
 1 
 3 
 4 
 4 
 4 
 4 
 4 
 5 
 7 
 9 
 9 
 9 
12 
16 
22 
23 
24 
25 
28 
28 
36 
36 
39 
40 
41 
43 
44 
44 
44 
44 
44 
45 
45 
45 
45 
43 
13 
12 
 0 
 1 
 1 
 1 
 1 
 1 
 1 
 1 
 5 
 6 
11 
14 
16 
20 
23 
26 
27 
28 
33 
38 
44 
44 
48 
51 
53 
56 
56 
48 
47 
40 
32 
30 
34 
32 
39 
45 
50 
49 
56 
65 
71 
77 
83 
88 
89 
90 
91 
91 
91 
91 
92 
92 
92 
91 
44 
30 
30 
 0 
 3 
 5 
 5 
 8 
13 
20 
21 
22 
22 
22 
24 
26 
26 
26 
26 
26 
26 
25 
25 
25 
25 
 0 
 1 
 1 
 3 
 5 
 7 
11 
12 
15 
15 
17 
18 
22 
24 
25 
29 
30 
33 
39 
39 
40 
40 
41 
42 
42 
41 
41 
41 
41 
41 
41 
41 
41 
41 
41 
40 
40 
15 
15 
 0 
 1 
 1 
 4 
 4 
 7 
 8 
11 
14 
15 
15 
15 
18 
20 
22 
25 
25 
25 
25 
26 
26 
26 
27 
29 
32 
38 
39 
39 
39 
39 
39 
39 
39 
38 
14 
14 
 0 
 1 
 2 
 2 
 2 
 3 
 4 
 6 
 6 
 6 
 7 
 8 
 8 
 8 
10 
13 
18 
20 
20 
20 
20 
20 
20 
20 
20 
20 
 0 
 1 
 1 
 1 
 1 
 3 
 4 
 6 
 6 
 9 
13 
20 
23 
29 
31 
32 
32 
32 
32 
32 
32 
31 
31 
32 
32 
32 
32 
32 
32 
 0 
 1 
 1 
 1 
 2 
 5 
 9 
 9 
12 
14 
17 
19 
23 
25 
26 
27 
28 
28 
28 
27 
27 
26 
26 
 0 
 2 
 2 
 2 
 2 
 2 
 3 
 4 
 4 
 4 
 4 
 5 
 7 
12 
14 
15 
20 
22 
27 
32 
34 
41 
44 
46 
49 
60 
62 
67 
68 
69 
69 
69 
70 
67 
66 
64 
62 
60 
56 
46 
44 
44 
43 
42 
42 
42 
42 
42 
42 
42 
42 
42 
42 
15 
 8 
 8 
 0 
 2 
 6 
 7 
 7 
12 
17 
19 
20 
22 
23 
22 
22 
20 
20 
20 
20 
19 
19 
 0 
 2 
 2 
 2 
 2 
 2 
 4 
19 
22 
27 
29 
29 
29 
29 
29 
29 
29 
29 
29 
28 
27 
27 
27 
26 
 0 
 1 
 1 
 1 
 2 
 2 
 2 
 2 
 4 
 5 
 5 
 5 
 6 
 7 
 9 
15 
18 
21 
25 
29 
29 
29 
29 
29 
30 
30 
30 
30 
30 
30 
30 
30 
30 
30 
30 
28 
 0 
 1 
 2 
 5 
 8 
13 
13 
18 
20 
23 
27 
27 
28 
28 
28 
28 
27 
27 
27 
27 
 0 
 5 
11 
12 
15 
17 
16 
16 
16 
16 
16 
17 
19 
20 
22 
23 
23 
23 
23 
22 
22 
 0 
 1 
 1 
 1 
 2 
 2 
 5 
 9 
14 
21 
24 
27 
28 
31 
32 
34 
35 
35 
35 
38 
39 
38 
42 
42 
43 
43 
43 
45 
45 
45 
45 
44 
44 
44 
21 
21 
21 
 0 
 2 
 5 
 7 
 9 
10 
11 
12 
11 
12 
13 
13 
13 
15 
21 
24 
25 
25 
26 
26 
27 
27 
27 
27 
27 
27 
27 
27 
 0 
 3 
 3 
 3 
 4 
 5 
 6 
 6 
 6 
 8 
12 
12 
14 
19 
20 
22 
25 
27 
27 
28 
30 
30 
31 
30 
24 
16 
16 
24 
27 
28 
29 
31 
35 
36 
37 
38 
39 
39 
40 
43 
44 
44 
44 
44 
45 
45 
43 
43 
43 
42 
40 
27 
 0 
 1 
 5 
 9 
11 
10 
12 
15 
19 
25 
31 
34 
38 
38 
39 
40 
40 
40 
40 
40 
40 
40 
40 
 0 
