ALBANY-Middleburgh, NY QUleu   OAK                                                ars
ALBANY MODERN AND HISTO-PRESTO OAK                        2nd itrdb line missin   ars
ALBANY MODERN AND HISTO-PRESTO OAK                        3rd itrdb line missin   ars
BCPhis15079990  09990  09990  09990  09990  09990  09990  0 950  2 956  2 856  2  ars
BCPhis1510 863  2 717  2 813  2 686  2 904  2 888  2 968  21149  21041  21214  2  ars
BCPhis15201100  21089  21085  21093  2 949  2 927  2 925  2 850  2 750  2 677  2  ars
BCPhis1530 869  21154  2 818  2 872  2 958  21012  2 953  2 728  2 909  21255  2  ars
BCPhis15401185  21295  21255  21244  2 928  2 904  2 903  21077  21102  2 740  2  ars
BCPhis15501142  2 946  21118  21077  21205  21098  21213  21035  2 894  21062  2  ars
BCPhis1560 987  21079  2 993  21005  21120  21007  41081  41298  4 917  41009  4  ars
BCPhis15701059  4 960  41140  41049  41097  4 898  41099  4 953  41311  41019  4  ars
BCPhis15801133  41062  5 879  5 908  51001  5 964  5 801  5 836  5 953  5 900  5  ars
BCPhis1590 854  51035  5 725  5 880  5 976  5 872  5 810  5 806  5 916  51046  5  ars
BCPhis16001035  5 827  51028  5 915  5 772  6 936  61126  61049  6 949  6 899  7  ars
BCPhis16101160  81265  81054  81053  81083  81129  81119  81282  81219  81296  9  ars
BCPhis16201095  9 993  91162 111166 111083 11 886 111185 11 793 11 972 111132 11  ars
BCPhis1630 933 111032 121095 12 749 13 887 14 516 14 771 14 871 14 939 14 705 15  ars
BCPhis1640 816 151072 151052 15 942 15 977 15 907 151036 15 982 161096 161018 16  ars
BCPhis1650 831 16 907 16 988 161057 161092 161049 161208 16 825 161169 16 979 17  ars
BCPhis1660 983 17 957 17 908 171049 17 636 17 930 17 769 17 860 17 941 171166 17  ars
BCPhis16701037 17 925 171155 171155 171139 181118 181105 181111 181175 181158 18  ars
BCPhis16801252 18 762 18 955 19 945 191048 20 671 20 803 20 861 20 895 20 909 20  ars
BCPhis1690 983 201051 201107 21 852 211252 211146 211078 211000 21 850 21 783 21  ars
BCPhis17001003 211013 21 937 211074 21 784 21 935 211170 211132 211126 211013 21  ars
BCPhis17101095 211242 211066 21 943 211055 201135 201192 201067 21 991 211135 21  ars
BCPhis17201102 211164 21 970 20 797 191167 181085 18 942 181170 171060 171088 17  ars
BCPhis17301010 171105 17 990 17 947 17 960 17 868 171065 171091 171035 171046 18  ars
BCPhis1740 913 18 918 18 820 18 970 18 866 181024 18 828 181082 17 757 17 827 17  ars
BCPhis17501012 171010 131015 13 942 131380 131158 131196 13 929 141155 141019 14  ars
BCPhis17601197 14 895 141043 151202 15 978 151197 151393 151062 171040 17 917 17  ars
BCPhis1770 770 17 891 16 780 16 862 161089 16 946 161008 171275 181047 19 996 19  ars
BCPhis17801164 191072 19 982 19 936 20 879 20 847 20 871 20 967 191013 19 809 19  ars
BCPhis1790 892 19 784 19 711 18 870 18 857 18 842 181005 181146 181086 191118 20  ars
BCPhis1800 857 201217 201296 20 929 20 986 20 960 22 857 221014 23 995 241121 24  ars
BCPhis18101023 24 932 241084 241060 24 922 241089 24 805 24 919 24 969 24 988 24  ars
BCPhis1820 755 24 880 25 757 27 791 27 951 28 917 28 953 281000 29 974 29 954 29  ars
BCPhis18301239 291143 291113 291288 291304 291042 291038 301108 30 988 301323 28  ars
BCPhis1840 881 28 929 281078 28 902 281041 28 978 281080 29 971 29 865 29 812 31  ars
BCPhis18501023 321256 32 726 321007 32 931 321072 33 781 341017 34 833 341066 34  ars
BCPhis18601097 34 970 361111 36 974 36 828 36 901 371055 37 860 37 889 371187 37  ars
BCPhis1870 869 37 939 37 980 37 868 371206 37 932 37 995 37 986 371074 37 973 37  ars
BCPhis18801099 371192 371045 37 926 37 924 37 870 37 891 38 902 41 975 411307 41  ars
BCPhis18901045 41 884 41 989 411009 411035 41 717 41 904 421105 421039 42 902 42  ars
BCPhis1900 827 421018 421122 421154 421137 421081 421249 42 992 42 863 42 915 43  ars
BCPhis1910 895 43 903 43 869 43 742 43 799 43 975 431022 431081 43 961 431110 43  ars
BCPhis19201134 431150 431127 43 985 43 892 431136 43 842 43 881 431076 431037 43  ars
BCPhis1930 930 431050 431110 43 839 43 935 431035 43 708 43 969 431004 43 936 43  ars
BCPhis1940 937 42 790 42 833 42 863 42 973 421014 421052 421224 411000 41 886 41  ars
BCPhis19501073 411259 411116 411142 411013 411064 41 899 41 922 411143 41 789 41  ars
BCPhis19601096 411294 41 882 41 866 41 910 41 747 41 868 41 922 40 909 401068 40  ars
BCPhis1970 946 40 946 401279 401025 401178 40 983 401176 39 890 39 974 391169 39  ars
BCPhis19801182 391084 391033 39 882 39 902 39 975 391036 391038 39 948 391280 39  ars
BCPhis19901103 39 945 391073 39 858 391050 391005 391097 391044 391330 391024 39  ars
BCPhis20001203 391024 39 948 389990  09990  09990  09990  09990  09990  09990  0  ars
