TWV_philB.rw -- Goose Egg Forest, NY QUAL -               1st itrdb line missin   ars
TWV_philB.rw -- no data title --                          2nd itrdb line missin   ars
TWV_philB.rw -- no data title --                          3rd itrdb line missin   ars
TWV_ph17049990  09990  09990  09990  01223  11490  11101  11196  11123  11029  2  ars
TWV_ph17101277  21098  3 884  3 889  3 882  3 898  3 829  3 441  3 934  31205  3  ars
TWV_ph1720 970  31070  41055  4 677  41020  41147  41141  41132  41118  41128  4  ars
TWV_ph17301142  4 946  4 991  41011  41087  41089  4 948  41484  4 817  41137  4  ars
TWV_ph1740 919  4 842  4 716  4 846  51020  51259  51158  51235  51128  5 816  5  ars
TWV_ph1750 942  51277  5 938  51030  51236  51159  51428  51164  51271  51197  5  ars
TWV_ph17601499  5 953  5 795  51328  51013  51286  51243  51308  51117  51065  5  ars
TWV_ph1770 631  5 711  5 759  5 725  51041  5 774  5 766  5 674  5 581  6 726  6  ars
TWV_ph1780 772  61023  61006  6 927  6 864  7 769  7 775  7 970  71001  7 924  7  ars
TWV_ph1790 920  7 828  91017 101189 101233 121062 121314 121148 121139 121097 12  ars
TWV_ph1800 952 121019 12 860 141189 151071 15 591 15 577 15 786 15 959 16 913 17  ars
TWV_ph1810 857 171096 17 922 171223 171175 181063 18 829 19 869 19 875 20 965 21  ars
TWV_ph1820 689 24 618 24 794 25 622 251070 25 801 27 858 271098 281304 281330 28  ars
TWV_ph18301191 291411 29 967 301349 301301 291048 29 919 291130 291004 291253 29  ars
TWV_ph18401117 291128 291094 291147 29 961 291270 291443 30 966 301462 30 879 30  ars
TWV_ph18501254 301297 30 990 30 772 30 836 30 802 30 897 301002 30 823 30 990 30  ars
TWV_ph18601171 30 999 30 987 30 929 30 657 30 808 31 794 31 923 31 819 311002 31  ars
TWV_ph1870 894 311031 311076 311080 311392 321200 321099 32 967 32 734 32 858 32  ars
TWV_ph1880 885 32 748 32 959 32 780 32 534 32 791 32 805 321087 32 851 32 847 32  ars
TWV_ph1890 651 32 788 321129 32 981 32 915 32 710 32 784 321186 32 976 32 830 32  ars
TWV_ph1900 874 331010 331348 331193 331449 331183 331305 331066 33 936 33 761 33  ars
TWV_ph1910 694 33 699 33 581 33 625 33 833 33 726 331035 331063 33 697 33 745 33  ars
TWV_ph1920 978 331023 33 965 33 821 331022 331236 33 945 331297 331211 331154 33  ars
TWV_ph1930 967 331063 331285 33 809 331104 331199 331016 331107 331080 331002 33  ars
TWV_ph19401117 33 709 331295 33 947 331110 331185 33 957 331130 33 736 32 648 32  ars
TWV_ph1950 906 32 929 32 949 32 855 32 923 321115 32 959 321103 321002 32 973 32  ars
TWV_ph19601149 321302 32 843 32 939 32 834 32 814 32 871 32 790 32 955 321335 32  ars
TWV_ph19701082 321271 321328 321119 321195 321159 321315 321046 321226 321158 32  ars
TWV_ph19801168 31 771 30 781 30 644 301127 30 995 301176 30 943 30 940 301306 30  ars
TWV_ph1990 852 29 736 29 931 29 915 291096 29 892 291189 29 885 291100 291103 29  ars
TWV_ph20001232 29 945 291171 229990  09990  09990  09990  09990  09990  09990  0  ars
