TVR_philB.rw -- Goose Egg Forest, NY QURU -               1st itrdb line missin   ars
TVR_philB.rw -- no data title --                          2nd itrdb line missin   ars
TVR_philB.rw -- no data title --                          3rd itrdb line missin   ars
TVR_ph17999990  09990  09990  09990  09990  09990  09990  09990  09990  0 954  1  ars
TVR_ph1800 845  1 584  1 643  11017  2 920  2 739  21158  21142  41349  51182  5  ars
TVR_ph18101052  81095  8 951  81344  81242  81034  9 669  9 833 11 893 12 917 13  ars
TVR_ph1820 736 13 677 13 794 14 658 17 986 18 931 21 870 211093 221216 231204 23  ars
TVR_ph18301032 241054 25 863 261100 261338 261227 261037 271068 281109 281168 29  ars
TVR_ph18401019 301159 30 970 31 983 31 928 31 868 321042 32 928 321219 321024 32  ars
TVR_ph18501176 321186 32 900 32 657 32 825 32 641 32 822 32 953 32 827 32 975 32  ars
TVR_ph18601011 321038 321067 321172 32 985 33 958 33 958 33 991 331089 331201 33  ars
TVR_ph1870 975 33 969 331163 331141 331346 331185 331234 33 948 33 898 33 959 33  ars
TVR_ph1880 952 331005 331038 33 956 33 597 33 809 33 837 331091 33 985 331061 33  ars
TVR_ph1890 934 33 728 331115 331126 331071 33 879 33 945 341090 341039 34 798 34  ars
TVR_ph1900 781 34 942 341033 341138 341304 341229 341304 341111 341122 34 941 34  ars
TVR_ph1910 914 34 841 34 859 34 700 34 774 34 608 34 963 341094 34 785 34 820 34  ars
TVR_ph1920 889 34 968 34 909 34 921 341022 34 957 341141 341341 341335 341277 34  ars
TVR_ph19301119 341254 341185 34 979 341019 341027 34 919 341071 34 958 341088 34  ars
TVR_ph1940 975 34 810 34 861 34 958 341085 341101 341095 341085 34 905 34 807 34  ars
TVR_ph1950 934 34 937 34 913 34 766 34 768 341132 34 956 34 843 34 905 34 888 34  ars
TVR_ph1960 897 341132 341045 34 925 34 907 34 864 34 919 34 946 34 760 34 917 34  ars
TVR_ph1970 860 34 895 341201 341051 34 991 341207 341128 341162 341282 341223 34  ars
TVR_ph19801225 34 938 34 945 34 799 34 968 34 995 34 788 341097 34 956 341376 34  ars
TVR_ph19901054 34 841 34 974 341197 341313 341055 341062 341018 34 841 341008 34  ars
TVR_ph2000 984 341123 349990  09990  09990  09990  09990  09990  09990  09990  0  ars
