TVP_philB.rw -- Goose Egg Forest, NY QUMO --              1st itrdb line missin   ars
TVP_philB.rw -- no data title --                          2nd itrdb line missin   ars
TVP_philB.rw -- no data title --                          3rd itrdb line missin   ars
TVP_ph16669990  09990  09990  09990  09990  09990  01278  11259  11080  11202  1  ars
TVP_ph1670 865  1 820  1 839  11126  1 808  1 934  1 982  11155  11088  1 676  1  ars
TVP_ph16801245  1 997  1 966  11056  11101  1 712  1 649  1 715  1 725  1 714  1  ars
TVP_ph1690 812  1 738  1 818  1 632  11034  1 961  11036  1 788  1 712  1 627  1  ars
TVP_ph1700 664  1 617  1 736  1 652  1 801  2 742  2 863  21013  2 957  2 996  2  ars
TVP_ph1710 884  31110  3 792  31036  31046  3 880  3 921  3 668  3 877  31385  3  ars
TVP_ph17201241  31137  31366  3 919  31189  31459  31366  31452  31204  31349  3  ars
TVP_ph17301124  31056  3 982  4 964  4 881  4 842  4 846  41253  41335  41258  4  ars
TVP_ph17401031  41086  4 809  41016  4 958  41175  5 945  61128  61009  6 789  6  ars
TVP_ph1750 816  61226  6 993  6 929  61138  61036  61070  6 748  6 936  6 841  6  ars
TVP_ph17601198  6 677  6 783  61080  6 917  61120  61197  61109  6 867  6 810  6  ars
TVP_ph1770 520  6 616  6 640  6 542  61054  6 943  6 793  6 845  6 928  7 945  7  ars
TVP_ph17801170  71094  71211  71028  7 944  7 887  7 768  71106  71199  71206  7  ars
TVP_ph1790 918  7 789  71034  71094  71124  71115  71324  71242  71163  71303  7  ars
TVP_ph1800 905  71212  71034  71122  71162  7 715  71039  71247  71205  71053  8  ars
TVP_ph18101048  81173 101031 111198 111085 111190 13 818 13 770 13 947 13 886 13  ars
TVP_ph1820 755 14 697 14 732 14 738 14 947 15 915 15 805 15 951 151165 151188 15  ars
TVP_ph18301032 151398 151125 151438 151558 151248 151012 151300 151248 161189 17  ars
TVP_ph1840 916 181191 19 913 19 854 211091 211010 211237 21 896 211164 21 915 22  ars
TVP_ph18501211 221354 22 933 22 666 22 939 22 739 22 781 221013 23 894 24 937 25  ars
TVP_ph1860 986 25 954 261044 26 822 26 568 26 790 28 953 28 994 28 846 291136 29  ars
TVP_ph1870 928 29 967 291121 29 881 291322 29 976 29 992 29 990 29 696 291030 29  ars
TVP_ph18801088 28 944 281060 28 826 28 712 28 876 28 985 281105 28 962 291229 29  ars
TVP_ph1890 829 29 793 291120 291100 291125 29 855 30 900 301222 301085 30 930 30  ars
TVP_ph1900 891 301045 301187 301281 301420 301119 301299 301029 30 988 30 824 30  ars
TVP_ph1910 752 30 760 30 755 30 767 30 710 30 608 301034 30 942 30 570 30 762 30  ars
TVP_ph19201065 301024 30 914 30 850 301025 301051 30 954 301073 301078 301113 30  ars
TVP_ph1930 978 301188 301291 30 890 301177 301242 30 776 301153 301098 30 994 30  ars
TVP_ph19401170 30 720 301296 301002 301169 301099 301028 301284 30 908 29 879 29  ars
TVP_ph19501112 291179 291091 29 761 29 850 291282 291055 291114 291127 29 805 29  ars
TVP_ph1960 952 291083 29 703 29 854 29 748 29 871 29 850 29 818 29 738 291056 29  ars
TVP_ph1970 928 291104 281373 281018 281186 281137 281226 281101 281128 281021 28  ars
TVP_ph19801095 28 571 28 811 28 731 281145 28 895 28 908 281158 28 939 281194 28  ars
TVP_ph1990 847 28 718 28 921 28 971 281183 28 898 281244 28 935 281221 281150 28  ars
TVP_ph20001292 281085 201261 199990  09990  09990  09990  09990  09990  09990  0  ars
