TPHphilB.rw -- Grenbrook, NJ CAGL   --                    1st itrdb line missin   ars
TPHphilB.rw -- no data title --                           2nd itrdb line missin   ars
TPHphilB.rw -- no data title --                           3rd itrdb line missin   ars
TPHphi18189990  09990  09990  09990  09990  09990  09990  09990  01213  2 924  3  ars
TPHphi18201181  31269  31020  3 926  3 814  3 773  31076  31250  31227  31297  3  ars
TPHphi18301118  3 816  3 973  31030  3 639  3 977  3 944  31032  3 878  31212  3  ars
TPHphi1840 944  31175  31433  31056  31268  31101  31373  31399  51257  5 848  6  ars
TPHphi1850 881  6 643  6 592  8 830  8 996  81040  8 912  91039  9 827  9 961  9  ars
TPHphi1860 848  9 960  91197  91173  9 956  91027  91038  91103  9 707  91076  9  ars
TPHphi18701071 101155 101375 10 970 101332 101202 10 764 10 667 10 951 101051 10  ars
TPHphi1880 705 111005 11 951 11 919 111067 111201 11 957 11 854 11 823 11 860 11  ars
TPHphi18901003 111259 11 820 101011 12 565 12 791 121395 121293 12 998 121053 11  ars
TPHphi19001309 121297 121442 121269 121350 121175 121290 121148 12 954 12 758 12  ars
TPHphi1910 996 12 809 121083 12 824 12 790 12 758 12 811 12 760 12 838 12 663 12  ars
TPHphi1920 959 12 620 12 800 12 952 121017 121074 12 910 121384 121247 141146 15  ars
TPHphi19301055 151192 151255 151292 161046 16 620 16 560 161155 161260 161130 16  ars
TPHphi19401009 16 909 16 687 16 577 16 267 16 194 16 603 16 932 161025 16 862 16  ars
TPHphi1950 905 161119 16 989 161045 16 847 15 922 15 803 15 915 151093 151022 15  ars
TPHphi1960 819 15 812 15 699 15 892 15 766 15 607 15 687 15 631 15 963 15 896 15  ars
TPHphi1970 748 151011 151497 151430 151196 151284 151508 151201 151131 151086 15  ars
TPHphi19801188 15 898 151014 151057 151131 151425 151003 151051 15 919 151309 15  ars
TPHphi19901495 141040 141334 14 980 14 985 141018 14 865 14 938 141266 14 898 14  ars
TPHphi2000 989 149990  09990  09990  09990  09990  09990  09990  09990  09990  0  ars
