Greenbrook, NJ LITU   -- no data title --                 1st itrdb line missing  ars
GreenbrookNJtulip1.rw -- no data title --                 2nd itrdb line missing  ars
GreenbrookNJtulip1.rw -- no data title --                 3rd itrdb line missing  ars
Greenb1750 791  1 930  1 912  11018  11050  11136  11031  11038  11064  1 468  1  ars
Greenb17601254  11540  1 899  1 898  1 977  1 986  1 947  11052  11120  1 962  1  ars
Greenb1770 720  1 781  2 836  2 796  2 730  2 643  2 853  2 954  2 991  2 904  2  ars
Greenb17801147  21340  21130  2 869  2 966  2 815  21188  21067  2 997  21272  2  ars
Greenb1790 844  21210  31032  31353  31263  31342  31394  31259  31052  31231  3  ars
Greenb18001112  51211  61353  61493  61349  61070  7 953  71237  71092  7 969  8  ars
Greenb18101106  91006  91052  91147  91057  91119  9 920  9 795 10 752 10 657 10  ars
Greenb1820 816 10 905 10 649 11 612 11 890 11 850 11 580 111154 111316 121171 13  ars
Greenb18301210 141134 141185 141299 141076 14 884 15 964 15 871 15 738 15 667 15  ars
Greenb1840 955 151015 151271 15 806 15 813 15 705 15 760 151020 15 988 15 703 16  ars
Greenb1850 847 16 971 16 639 16 739 16 932 16 823 16 763 16 813 16 956 16 894 16  ars
Greenb1860 735 16 989 151144 161193 16 966 161027 17 997 171078 17 768 171170 18  ars
Greenb18701172 181161 181181 18 804 181140 18 840 18 702 18 425 181129 181081 18  ars
Greenb18801046 18 909 18 804 18 824 18 805 18 719 18 731 18 823 18 628 18 841 18  ars
Greenb18901109 191025 191133 19 841 19 770 19 786 19 944 191164 191144 19 933 19  ars
Greenb19001137 191027 191288 191201 191246 191267 191386 191234 201113 211178 21  ars
Greenb19101067 21 780 21 849 21 950 211101 211183 211187 21 939 21 777 211083 21  ars
Greenb19201372 211402 211526 21 881 22 671 221003 221007 221039 221302 221002 22  ars
Greenb19301059 22 824 22 947 23 992 231002 23 919 23 925 231114 231252 241010 24  ars
Greenb1940 647 24 922 24 980 24 993 25 629 25 790 251081 251108 251089 251216 25  ars
Greenb19501050 261474 261446 261156 26 764 25 965 25 837 25 884 25 848 25 957 25  ars
Greenb1960 865 251003 251117 251037 25 675 25 635 25 343 25 671 25 964 25 989 25  ars
Greenb1970 993 251159 251375 251314 251143 251383 251368 251011 251156 25 885 25  ars
Greenb1980 953 25 804 25 837 25 768 25 929 251214 251132 251010 25 929 251059 25  ars
Greenb19901363 251030 251306 25 894 25 956 25 914 25 959 251117 25 991 25 704 25  ars
Greenb20001038 249990  09990  09990  09990  09990  09990  09990  09990  09990  0  ars
