Huchenson Forest, NJ QUspp                                                        ars
MONMOUTH COUNTY HISTORICAL TIMBERS                        2nd itrdb line missin   ars
MONMOUTH COUNTY HISTORICAL TIMBERS                        3rd itrdb line missin   ars
HuchLi15639990  09990  09990  0 826  1 805  1 943  1 848  1 795  1 802  11078  1  ars
HuchLi15701409  1 981  1 993  11104  11029  1 934  21145  2 958  21084  2 908  2  ars
HuchLi1580 861  21039  2 815  31016  3 997  31074  31148  31119  3 966  3 971  3  ars
HuchLi15901007  4 721  41045  41278  51233  51063  61006  6 924  6 926  6 924  6  ars
HuchLi16001092  6 985  6 987  7 994  7 869  8 956  81103  81005  8 751  8 927  8  ars
HuchLi1610 873  8 984  8 941  81080  8 907  8 985  81031  81052  81149  9 990  9  ars
HuchLi16201021 101121 101074 111051 111155 121006 121089 12 803 14 926 141226 14  ars
HuchLi16301235 141006 141024 17 801 17 869 17 884 17 933 17 996 171049 17 805 17  ars
HuchLi1640 976 171090 181007 181080 181150 18 978 181062 18 921 18 760 18 829 18  ars
HuchLi1650 820 18 741 18 884 18 981 18 969 181002 181124 181123 181183 191044 19  ars
HuchLi1660 912 19 792 19 961 19 992 19 865 19 600 19 586 19 764 19 920 191108 19  ars
HuchLi16701233 191022 201017 201203 201158 211222 211128 211124 211213 211226 21  ars
HuchLi16801132 211033 221188 221034 231313 23 891 23 902 23 956 241101 251113 25  ars
HuchLi1690 970 25 932 251048 26 917 271271 271168 281117 28 824 28 789 29 805 30  ars
HuchLi1700 875 30 961 291027 28 857 28 786 281027 281066 28 907 28 870 29 894 29  ars
HuchLi1710 966 301037 30 964 29 892 28 841 28 953 281128 29 995 291037 291027 29  ars
HuchLi17201203 291083 27 859 27 924 27 977 271225 271053 271172 26 839 26 910 27  ars
HuchLi1730 829 27 984 271005 27 997 27 985 281111 271142 261124 26 975 251099 26  ars
HuchLi1740 959 29 904 28 921 28 965 291027 311024 331002 341154 34 924 34 918 36  ars
HuchLi1750 975 35 894 361038 371115 381032 381192 361280 351073 36 961 361017 34  ars
HuchLi17601026 351021 35 806 37 891 37 735 37 844 37 992 38 914 381094 38 954 38  ars
HuchLi17701039 381024 38 980 38 860 38 866 38 756 38 795 381063 391003 391167 39  ars
HuchLi17801136 381063 38 943 38 966 38 867 38 912 38 900 391005 391125 38 893 38  ars
HuchLi1790 986 38 912 38 970 381160 391227 391064 39 892 41 980 41 957 41 967 41  ars
HuchLi1800 946 42 861 421109 42 916 421119 42 972 41 802 421148 42 980 42 974 43  ars
HuchLi18101017 40 863 411009 421114 421170 421131 421111 421227 421052 42 869 42  ars
HuchLi1820 984 42 926 42 996 42 959 421084 42 930 421020 421118 42 965 421082 42  ars
HuchLi18301184 42 983 421004 421296 421165 42 900 42 994 42 963 42 706 42 843 41  ars
HuchLi1840 892 41 874 411009 41 753 41 785 41 778 41 952 41 970 41 934 41 796 41  ars
HuchLi1850 963 41 947 41 937 411030 411127 411107 41 876 411157 41 973 411106 41  ars
HuchLi1860 945 41 908 411205 411200 411003 411320 411106 411141 41 945 411019 41  ars
HuchLi18701009 411152 411252 41 923 411164 411227 41 885 41 959 411283 411202 41  ars
HuchLi1880 897 41 966 41 813 411023 411092 41 879 411004 41 976 411077 411028 41  ars
HuchLi1890 982 41 835 411027 41 959 41 903 41 918 41 930 411038 41 952 41 907 41  ars
HuchLi1900 977 41 881 411123 411136 411016 41 864 411185 411024 41 970 41 895 41  ars
HuchLi1910 990 41 808 41 945 41 883 41 956 411151 411148 411042 41 846 41 884 41  ars
HuchLi19201128 41 930 411157 41 902 41 962 41 826 411087 411110 411090 41 987 41  ars
HuchLi19301154 401080 40 948 401146 401034 40 923 40 712 401037 401211 40 961 40  ars
HuchLi1940 996 401101 401107 401038 40 938 40 773 401110 401130 39 902 39 835 39  ars
HuchLi1950 997 39 988 391101 381273 38 872 381056 381097 381041 381198 381001 38  ars
HuchLi1960 950 38 897 38 880 38 948 381084 38 776 38 763 38 706 38 955 38 993 38  ars
HuchLi19701083 381029 38 991 38 889 38 918 381186 381187 381166 381172 381154 37  ars
HuchLi19801044 37 655 37 974 369990  09990  09990  09990  09990  09990  09990  0  ars
