BronxQUST.rw -- Hunter Island, Bronx, NY QUST --          1st itrdb line missing  ars
BronxQUST.rw -- no data title --                          2nd itrdb line missing  ars
BronxQUST.rw -- no data title --                          3rd itrdb line missing  ars
BronxQ17739990  09990  09990  0 931  11378  1 691  1 350  11077  1 937  11189  2  ars
BronxQ1780 653  51333  51438  61594  61368  61093  71096  7 897  7 988 10 863 10  ars
BronxQ17901010 11 966 12 678 131094 131124 141052 141216 141201 141145 141201 14  ars
BronxQ18001135 141113 141230 141195 141185 141150 14 973 171034 17 965 181127 18  ars
BronxQ1810 996 19 910 191050 191083 191074 191072 19 866 191043 19 929 19 753 19  ars
BronxQ1820 695 19 884 19 765 19 765 19 878 19 761 19 832 191170 201413 201422 21  ars
BronxQ18301396 211286 211243 221393 221465 23 885 23 657 23 793 23 705 23 748 23  ars
BronxQ1840 727 23 813 231038 23 646 23 756 23 550 23 922 23 895 23 970 23 727 23  ars
BronxQ18501003 231040 23 801 231018 231126 23 991 23 975 231275 231005 231053 23  ars
BronxQ1860 973 23 895 23 830 23 742 23 681 23 876 23 736 23 715 23 657 23 663 23  ars
BronxQ1870 522 23 929 231024 23 838 231026 23 783 23 721 23 855 241148 241239 24  ars
BronxQ18801215 241153 241087 241045 241319 241196 241339 241190 24 994 251228 25  ars
BronxQ18901315 251070 251401 251184 25 846 251145 251346 251260 251250 25 933 25  ars
BronxQ19001063 251174 251423 251327 251062 251156 251198 251080 25 983 25 921 25  ars
BronxQ19101070 25 659 25 584 25 692 25 950 25 811 25 903 25 933 25 861 25 898 25  ars
BronxQ1920 936 25 801 25 878 25 768 25 833 25 973 251052 25 913 251091 25 806 25  ars
BronxQ1930 893 25 899 25 937 251013 25 978 251028 25 989 251017 251098 251004 25  ars
BronxQ1940 932 25 765 25 820 25 948 25 847 26 799 26 963 261152 26 991 26 814 26  ars
BronxQ1950 984 241055 24 910 241058 24 953 241035 241023 24 953 241105 241059 24  ars
BronxQ19601034 24 976 24 871 24 951 24 889 24 757 24 782 24 824 24 802 23 689 23  ars
BronxQ1970 831 23 839 231176 231109 231090 231293 221143 22 947 221118 22 976 22  ars
BronxQ1980 909 20 977 201096 20 966 201154 201259 20 945 201130 201109 201349 20  ars
BronxQ19901173 20 880 201145 20 907 20 988 201013 201035 201006 20 981 20 825 20  ars
BronxQ20001028 201042 201007 209990  09990  09990  09990  09990  09990  09990  0  ars
