LgeoQUVEbstB.rw -- Lake George, NY QUVE --                1st itrdb line missin   ars
LgeoQUVEbstB.rw -- no data title --                       2nd itrdb line missin   ars
LgeoQUVEbstB.rw -- no data title --                       3rd itrdb line missin   ars
LgeoQU18369990  09990  09990  09990  09990  09990  0 758  1 969  1 951  2 798  3  ars
LgeoQU1840 998  3 965  3 946  51095  5 695  5 716  5 806  51069  51034  5 713  5  ars
LgeoQU18501549  51313  8 977  8 865  81030  81196  81158  91334  9 999  91112  9  ars
LgeoQU18601223  91484 101043 111328 12 911 131121 131031 141258 151030 171300 17  ars
LgeoQU1870 920 19 930 191073 201112 211187 211084 211050 211005 21 819 22 992 22  ars
LgeoQU1880 883 22 687 22 970 221032 22 612 241071 24 949 241209 26 935 261255 26  ars
LgeoQU1890 630 26 789 261113 26 990 261275 26 991 261121 271223 27 971 28 821 29  ars
LgeoQU1900 687 301000 311091 311251 311301 311273 311276 31 813 31 741 31 553 31  ars
LgeoQU1910 598 31 772 31 771 31 775 31 683 311021 311181 311006 31 931 31 961 31  ars
LgeoQU19201139 32 868 321190 321067 32 976 32 697 321092 321055 321197 321090 32  ars
LgeoQU19301040 321072 321158 32 888 32 975 321084 32 787 32 934 32 994 321071 32  ars
LgeoQU1940 784 32 674 32 925 32 840 321198 321091 321023 321386 32 959 32 699 32  ars
LgeoQU1950 947 321120 32 820 32 547 32 515 32 742 32 826 32 843 32 873 32 827 32  ars
LgeoQU1960 991 321069 32 857 32 902 32 879 32 755 32 910 321029 321129 321033 32  ars
LgeoQU19701080 32 914 321372 321186 321205 321218 321223 31 978 311063 311173 31  ars
LgeoQU19801219 31 945 311024 31 827 311117 311073 311095 311347 311040 311394 31  ars
LgeoQU19901042 311028 311079 311105 311106 31 847 311167 31 872 311204 31 843 31  ars
LgeoQU20001040 311095 31 910 319990  09990  09990  09990  09990  09990  09990  0  ars
