LishaQUALbstB.rw -- Lisha Kill, NY QUAL --                1st itrdb line missin   ars
LishaQUALbstB.rw -- no data title --                      2nd itrdb line missin   ars
LishaQUALbstB.rw -- no data title --                      3rd itrdb line missin   ars
LishaQ18169990  09990  09990  09990  09990  09990  0 729  1 954  1 631  1 767  1  ars
LishaQ1820 526  1 519  1 628  1 617  1 841  1 755  11115  1 924  1 983  1 675  1  ars
LishaQ1830 873  1 915  3 793  51283  51144  71027  7 832  71180  71033  71278  8  ars
LishaQ18401048  9 978  91383  91058 111170 111033 121177 13 956 17 967 17 972 17  ars
LishaQ18501237 171234 17 871 171009 17 860 17 905 17 805 17 819 17 764 181030 18  ars
LishaQ1860 985 18 886 181061 19 971 20 811 20 810 20 904 20 947 20 927 201100 20  ars
LishaQ1870 941 201157 20 913 20 766 201038 20 931 20 866 20 819 20 965 201169 20  ars
LishaQ18801133 211377 211014 21 839 21 813 21 942 21 945 21 981 21 835 221232 22  ars
LishaQ18901083 22 923 221054 22 918 22 859 23 747 23 955 231026 231013 23 895 23  ars
LishaQ1900 849 23 987 231204 231044 231314 231001 231032 23 961 23 999 231026 22  ars
LishaQ1910 993 22 775 22 825 22 825 22 883 221032 22 975 221093 22 873 22 953 22  ars
LishaQ19201261 221147 221057 221020 221184 221195 221090 221122 221197 221027 22  ars
LishaQ19301047 221219 221218 221027 221169 221173 22 869 221222 22 958 22 993 22  ars
LishaQ19401009 22 747 22 957 221020 22 957 221062 221042 221226 22 892 22 855 22  ars
LishaQ1950 986 221063 221063 221195 221011 22 911 221035 221083 221048 22 920 22  ars
LishaQ1960 865 22 973 22 822 22 877 22 870 22 858 22 899 22 960 22 933 221228 22  ars
LishaQ1970 918 221051 221218 221072 221102 221309 22 964 21 842 21 901 21 996 21  ars
LishaQ19801126 21 878 21 842 21 859 211138 21 947 21 866 21 773 21 849 211162 21  ars
LishaQ19901054 21 852 211155 21 972 211024 21 993 21 995 21 862 211116 21 986 21  ars
LishaQ20001299 21 999 201148 209990  09990  09990  09990  09990  09990  09990  0  ars
