LK_bst_philB.rw -- Lisha Kill, NY CAGL  --                1st itrdb line missin   ars
LK_bst_philB.rw -- no data title --                       2nd itrdb line missin   ars
LK_bst_philB.rw -- no data title --                       3rd itrdb line missin   ars
LK_bst17539990  09990  09990  01112  11227  2 882  2 889  2 755  21051  21025  2  ars
LK_bst17601091  21061  21118  21165  21125  21147  21026  21011  21006  2 922  3  ars
LK_bst17701035  3 973  41178  41160  61145  6 919  6 848  61141  6 823  61081  6  ars
LK_bst17801102  61192  6 923  6 809  6 959  6 961  7 901  9 920 111020 11 846 11  ars
LK_bst1790 933 11 568 11 702 11 926 11 774 111016 111015 111098 111050 111095 11  ars
LK_bst18001047 111164 111113 111081 111343 111076 111046 121141 121112 12 994 12  ars
LK_bst18101096 131264 131266 121097 121045 121038 12 861 121052 12 797 12 991 12  ars
LK_bst1820 646 12 861 121028 12 886 12 755 12 771 12 880 12 940 121089 121019 11  ars
LK_bst18301182 10 914 101024 101151 11 942 12 974 12 815 12 906 13 821 131124 13  ars
LK_bst1840 771 13 887 131145 121028 121104 12 896 121046 121050 121027 11 885 11  ars
LK_bst18501078 111095 12 949 12 900 14 886 14 912 14 961 141201 151134 151223 15  ars
LK_bst18601035 161048 161238 161173 16 859 16 949 161061 16 999 16 994 161183 16  ars
LK_bst1870 884 161207 161122 16 791 16 992 16 999 16 950 16 860 161089 161139 16  ars
LK_bst18801008 161126 161127 161020 16 858 16 989 16 938 16 982 16 902 161127 16  ars
LK_bst1890 963 16 898 16 994 16 898 16 961 16 675 16 833 161088 161113 16 829 16  ars
LK_bst1900 804 16 905 161186 161049 161164 16 961 171092 191086 19 996 191029 19  ars
LK_bst1910 980 19 651 19 825 19 702 19 983 191059 191133 19 963 19 927 20 749 20  ars
LK_bst1920 954 21 931 211036 21 932 21 919 21 802 21 847 21 926 211103 211107 21  ars
LK_bst19301109 21 998 211281 21 911 211089 21 998 21 762 21 779 21 829 21 931 21  ars
LK_bst19401066 20 926 20 873 201013 20 958 201181 201076 201395 201092 201146 20  ars
LK_bst19501073 201219 201225 201333 20 975 20 917 20 980 201047 201104 20 963 20  ars
LK_bst1960 902 201014 20 907 20 892 20 869 20 750 20 732 20 877 20 981 201098 20  ars
LK_bst19701061 201263 201289 201199 20 895 20 993 201142 201046 201053 201068 20  ars
LK_bst19801418 20 963 201062 20 980 20 971 201078 201085 20 891 20 874 201000 20  ars
LK_bst1990 932 20 767 20 927 20 861 20 894 20 873 20 906 20 773 201137 20 889 20  ars
LK_bst20001258 201109 201147 209990  09990  09990  09990  09990  09990  09990  0  ars
