MiddleburgJUVIB.rw -- Middleburgh, NY JUVI --             1st itrdb line missin   std
MiddleburgJUVIB.rw -- no data title --                    2nd itrdb line missin   std
MiddleburgJUVIB.rw -- no data title --                    3rd itrdb line missin   std
Middle14499990  09990  09990  09990  09990  09990  09990  09990  09990  0 878  1  std
Middle1450 887  2 346  21016  2 855  21217  21407  2 799  2 808  21172  2 949  2  std
Middle1460 973  3 739  31091  31186  3 901  3 819  3 932  3 980  3 907  31020  3  std
Middle1470 714  31368  3 861  31126  31107  31127  31250  31177  31187  31114  3  std
Middle14801121  31302  31354  31073  31159  3 836  3 712  3 870  3 546  3 767  3  std
Middle1490 875  3 728  31319  41241  41355  4 962  41394  41088  41229  41331  4  std
Middle15001574  41339  41057  41100  41173  41006  4 813  4 810  4 831  4 865  4  std
Middle15101083  41042  4 979  41046  4 818  41281  41015  41074  4 685  41246  4  std
Middle15201017  4 780  41199  41426  4 719  4 906  41019  41015  4 808  4 283  4  std
Middle1530 804  4 992  4 949  4 877  4 830  41245  4 971  4 564  4 731  4 898  4  std
Middle15401012  51021  51268  5 941  5 419  5 913  51047  5 962  51085  51060  5  std
Middle15501011  5 643  5 988  5 894  51243  5 919  5 822  5 839  5 844  5 677  5  std
Middle1560 667  51154  5 826  5 970  5 972  51221  5 841  5 829  5 854  5 776  5  std
Middle1570 878  6 626  6 552  6 872  61288  6 574  6 941  6 631  6 928  6 698  6  std
Middle15801212  61637  61502  61103  61172  61126  6 746  6 788  61163  6 986  6  std
Middle1590 805  6 893  6 894  6 941  61361  61246  6 696  6 792  6 866  6 772  6  std
Middle1600 796  6 646  61280  61203  61226  61396  61120  61242  6 769  6 954  6  std
Middle16101057  81198  81069  8 988  8 829  8 909  81030  8 926  8 745  81017  8  std
Middle1620 617  71006  71075  71073  7 894  6 679  6 993  6 997  6 930  61294  6  std
Middle1630 981  6 610  6 898  6 830  61068  6 349  6 831  61375  61343  6 770  6  std
Middle16401102  61079  61160  6 868  61165  6 910  6 819  6 814  6 630  6 465  6  std
Middle1650 825  61050  61151  6 740  61083  6 871  6 985  6 570  6 911  61305  6  std
Middle16601038  61156  7 702  71103  7 924  7 922  7 772  71067  71080  71197  7  std
Middle1670 809  7 991  8 373  81322  81147  8 963  8 726  81211  8 990  81227  8  std
Middle16801164  8 983  81095  8 839  81120  8 729  8 739  81067  81094  8 793  8  std
Middle16901212  8 913  81014  8 608  81459  81248  81417  8 584  8 720  8 701  8  std
Middle1700 988  8 934  81023  81194  8 618  81279  81631  8 956  8 910  8 645  8  std
Middle1710 806  81169  9 808  9 986  9 730  91111  9 966  8 694  8 821  8 749  8  std
Middle17201006  8 950  8 718  8 817  81000  8 946  8 808  81000  8 783  8 988  8  std
Middle1730 748  81107  9 535  9 863  91153  9 892  9 749  9 981  9 919  91296  9  std
Middle17401152  9 746  91058  9 953  9 997  9 853  9 707  91238  9 590  9 557  9  std
Middle1750 572  9 740  91022  91141  91457  9 894  91306  9 596  91014  91104  9  std
Middle17601167  9 609  9 831  91032  9 967  91322  91177  9 721  9 799  91090  9  std
Middle1770 768  91129  9 483  9 978  91354  9 666  9 961  91252  91102  9 927  9  std
Middle1780 866  81081  81094  8 906  8 981  8 989  81130  81354  81478  8 939  8  std
Middle1790 909  81235  8 871  9 920  91243  9 973  91260  91103  9 916  91005  9  std
Middle1800 763  91154  91153  9 603  8 776  81067  8 575  8 897  81169  81379  8  std
Middle18101208  81170  81159  81483  81470  81339  81164  81493  8 895  81100  8  std
Middle1820 978 101040 10 758 10 834 101097 101067 10 852 101290 101159 101053 11  std
Middle18301517 111188 111256 111026 111026 11 729 11 851 111054 101056 101406 10  std
Middle1840 889 10 801 101154 101040 101085 10 933 101299 101105 10 939 10 978 10  std
Middle18501211 101431 10 601 101044 10 645 101145 10 520 101163 101158 101137 10  std
Middle18601292 111039 111034 11 773 11 735 111065 111359 111023 101137 101309 10  std
Middle1870 961 10 914 101050 10 520 10 974 10 978 10 786 10 803 101154 10 661 10  std
Middle1880 838 11 980 111042 11 952 111101 11 938 11 990 11 914 11 836 111233 10  std
Middle18901086 101066 101161 11 907 111168 11 564 11 893 111358 111276 12 723 13  std
Middle1900 856 131355 111328 111150 111234 111205 101015 10 851 10 651 10 895 10  std
Middle19101075 10 747 10 781 10 956 101036 101476 101267 101357 101143 101320 11  std
Middle19201285 11 831 11 843 11 794 11 732 11 954 11 715 11 725 11 839 11 883 11  std
Middle1930 859 111187 111046 11 740 11 639 111136 11 572 111061 111130 11 970 11  std
Middle19401113 12 932 121127 12 874 12 956 121413 121392 131354 131275 131060 13  std
Middle19501042 131303 131054 131093 131030 131172 13 655 131018 131264 13 816 13  std
Middle19601012 131308 13 708 13 798 13 707 13 721 13 773 13 818 13 992 13 797 13  std
Middle1970 702 13 663 13 784 131042 131251 13 811 131067 13 590 12 632 121213 12  std
Middle19801008 121218 121058 12 902 12 913 121228 121204 12 928 12 828 121362 12  std
Middle19901315 11 982 111498 11 819 11 994 11 903 11 881 11 875 111206 10 801 10  std
Middle20001234 10 929 101047 101248 101139 109990  09990  09990  09990  09990  0  std
