MohonkBELE.rw -- Mohonk, NY BELE --                       1st itrdb line missing  ars
MohonkBELE.rw -- no data title --                         2nd itrdb line missing  ars
MohonkBELE.rw -- no data title --                         3rd itrdb line missing  ars
MoBELE16149990  09990  09990  09990  0 854  11046  1 927  1 876  1 734  11098  1  ars
MoBELE1620 829  1 959  11259  11115  11187  1 897  11071  11203  1 940  11229  1  ars
MoBELE16301179  1 929  11239  11379  11125  1 826  1 824  11026  1 856  1 720  1  ars
MoBELE16401126  11094  11365  1 998  11074  11037  11149  11228  1 892  1 895  1  ars
MoBELE1650 741  1 484  11099  11125  1 837  11107  11113  1 887  1 934  21057  2  ars
MoBELE16601052  2 973  2 899  2 794  2 932  2 766  2 616  2 858  21030  2 947  2  ars
MoBELE1670 991  21036  2 924  2 947  21031  2 631  2 606  2 667  21071  21304  2  ars
MoBELE16801482  21209  21001  2 834  21265  2 992  2 599  2 792  21022  21015  2  ars
MoBELE16901257  2 794  21123  21009  2 991  21223  21211  2 891  2 590  2 889  2  ars
MoBELE1700 848  2 826  21021  21354  2 786  2 956  2 885  2 921  21080  21145  2  ars
MoBELE1710 941  2 948  21277  21162  21420  21363  21359  21257  21365  31565  3  ars
MoBELE17201346  31094  31256  31100  31042  31130  31125  31351  31480  31571  3  ars
MoBELE17301384  31086  31208  31116  31280  31018  3 834  31223  31066  31190  3  ars
MoBELE1740 766  3 940  31097  3 935  3 715  3 964  3 979  3 895  3 864  3 708  3  ars
MoBELE1750 955  3 845  3 958  31171  31288  31252  31260  3 628  3 465  3 996  3  ars
MoBELE17601268  31382  31131  3 942  3 885  3 831  3 764  3 851  3 895  3 885  3  ars
MoBELE1770 442  3 761  3 909  3 770  3 930  3 982  31200  31068  31170  31149  3  ars
MoBELE17801090  41336  41046  4 983  4 495  4 656  4 616  4 542  41022  41190  4  ars
MoBELE1790 868  4 761  4 682  4 669  4 722  4 750  4 690  4 895  41048  4 850  4  ars
MoBELE1800 524  4 790  4 988  41128  41032  4 861  4 887  41097  41311  41023  4  ars
MoBELE1810 864  4 970  41215  41171  41081  41230  4 870  4 978  61134  6 842  6  ars
MoBELE1820 560  6 800  61065  61056  6 873  61170  6 915  6 923  61527  61299  6  ars
MoBELE18301200  61115  6 899  61520  61515  7 812  8 975  81216  81021  9 834  9  ars
MoBELE1840 643  9 643  91195  9 902  9 907 10 654 10 818 10 797 10 789 10 568 11  ars
MoBELE1850 776 111140 11 845 11 827 11 809 111008 111000 11 951 13 957 131049 13  ars
MoBELE18601108 131172 131243 141034 15 926 16 909 17 931 17 886 17 981 171167 19  ars
MoBELE1870 978 19 642 19 818 19 678 201111 21 877 21 956 21 882 221118 221273 22  ars
MoBELE18801023 231286 231027 23 861 24 697 24 684 241096 24 989 25 845 261424 26  ars
MoBELE18901198 27 900 271097 27 988 27 734 27 622 27 949 281088 28 997 281051 28  ars
MoBELE19001187 281175 281297 291009 291023 29 794 291146 29 966 29 945 30 679 31  ars
MoBELE1910 780 30 756 30 754 30 709 301090 311274 311605 311520 311229 311408 31  ars
MoBELE19201461 311272 311416 31 952 31 847 31 902 31 967 311204 311327 311253 31  ars
MoBELE19301109 321365 321229 32 742 32 757 321037 32 782 32 913 321427 321241 31  ars
MoBELE1940 965 311107 30 872 30 925 30 782 30 975 301091 301221 301084 30 774 30  ars
MoBELE1950 790 291185 291178 29 846 29 710 29 882 29 903 291017 291040 291034 29  ars
MoBELE1960 617 29 820 29 604 29 418 29 727 29 275 29 553 29 695 29 827 29 951 29  ars
MoBELE19701030 281092 271368 271213 271029 261150 261172 261112 261015 26 965 26  ars
MoBELE1980 766 26 369 26 901 261034 26 704 261049 261235 26 856 26 866 261092 26  ars
MoBELE19901462 261062 261421 261340 261106 261027 261125 261117 261256 26 878 26  ars
MoBELE2000 919 261043 26 947 269990  09990  09990  09990  09990  09990  09990  0  ars
