MohonkPIRI_1996.rw -- Mohonk, NY PIRI --                  1st itrdb line missing  ars
MohonkPIRI_1996.rw -- no data title --                    2nd itrdb line missing  ars
MohonkPIRI_1996.rw -- no data title --                    3rd itrdb line missing  ars
MoPIRI16189990  09990  09990  09990  09990  09990  09990  09990  0 753  11132  1  ars
MoPIRI16201068  1 895  11199  21255  21246  21178  3 720  31012  3 816  3 647  3  ars
MoPIRI16301235  41171  41213  41020  4 771  4 603  4 395  4 374  4 859  41337  4  ars
MoPIRI16401111  41011  41000  41143  41085  4 927  4 872  41156  41024  41068  4  ars
MoPIRI1650 932  4 960  41094  41120  4 795  4 554  41044  4 866  41163  41366  4  ars
MoPIRI16601183  41074  41102  4 849  41680  41277  41409  41640  41920  4 926  4  ars
MoPIRI1670 731  4 857  4 868  4 950  4 616  4 803  4 964  4 900  4 955  41048  4  ars
MoPIRI16801233  5 846  51180  5 580  5 776  5 546  5 680  5 593  5 890  5 813  5  ars
MoPIRI16901130  51139  61394  61237  6 664  6 667  6 563  6 748  61136  61091  7  ars
MoPIRI1700 878  91018  9 870  9 789  9 627  91036  9 973  91203  9 737  9 617  9  ars
MoPIRI1710 667  9 722  9 732  91011  9 933  9 753  9 790  9 982  9 982  91328  9  ars
MoPIRI17201614  91474  91192  9 982  91197  91207  91589  91181  91378  91400  9  ars
MoPIRI17301376  91363  91046 11 806 111198 111110 12 742 12 932 12 671 12 943 12  ars
MoPIRI1740 921 13 969 131492 131269 131443 131126 14 827 141061 14 936 16 675 16  ars
MoPIRI1750 970 18 858 181323 181401 221295 221043 221201 22 815 221316 22 739 22  ars
MoPIRI1760 937 22 796 22 839 221205 22 880 22 922 22 823 22 739 22 866 23 701 23  ars
MoPIRI1770 536 231048 23 847 23 719 23 902 231194 241051 241434 241111 241296 24  ars
MoPIRI1780 527 251278 251057 251123 25 742 25 708 25 988 25 994 251245 251033 25  ars
MoPIRI17901128 25 968 25 905 251309 27 738 271081 27 659 28 952 28 375 28 349 28  ars
MoPIRI1800 999 28 977 281082 28 805 28 833 28 962 28 653 28 907 281038 281285 28  ars
MoPIRI1810 771 331048 331014 331028 331201 341372 36 757 361104 36 713 36 716 36  ars
MoPIRI1820 994 361060 361178 361263 361336 36 897 36 516 361038 361179 36 964 36  ars
MoPIRI1830 947 361314 361232 361295 381301 391130 391174 391286 39 998 391279 39  ars
MoPIRI18401019 401190 401272 40 803 401103 40 670 401427 40 636 401255 40 567 40  ars
MoPIRI1850 842 41 606 41 642 41 926 41 468 41 961 41 684 41 921 41 810 41 887 41  ars
MoPIRI18601174 411093 41 959 41 918 41 696 411116 42 916 431248 43 980 431252 43  ars
MoPIRI18701126 431225 43 859 43 555 431038 43 611 43 873 441066 441221 441096 44  ars
MoPIRI18801182 441223 441288 441389 44 993 44 716 44 904 44 763 44 924 441196 44  ars
MoPIRI18901116 441270 441283 441052 441049 44 687 44 603 441230 441340 44 882 44  ars
MoPIRI19001144 441124 441419 44 596 441156 44 962 44 995 44 530 441102 44 597 44  ars
MoPIRI19101022 44 570 441042 44 970 44 879 441258 441211 441135 441003 44 971 44  ars
MoPIRI19201143 45 378 45 502 45 457 45 755 45 916 45 787 451286 451210 45 848 45  ars
MoPIRI19301139 45 699 45 866 45 969 451160 451220 451161 451401 451423 451195 45  ars
MoPIRI1940 879 45 990 451255 45 844 451043 451284 451080 451175 45 903 45 843 45  ars
MoPIRI1950 750 45 833 45 642 45 718 45 692 451086 451178 45 818 451329 451152 45  ars
MoPIRI19601306 451167 45 719 45 914 43 622 43 738 43 584 431107 431060 431408 43  ars
MoPIRI19701021 431030 431009 431227 401266 13 781 131188 13 930 131215 13 616 13  ars
MoPIRI1980 836 131034 131325 13 916 131230 131262 131142 13 947 12 898 121382 12  ars
MoPIRI19901232 121010 121276 12 771 121308 12 909 121023 129990  09990  09990  0  ars
