NY    MOHOTA    MOHONK, NY TSCA Humpty Dumpty TALUS SLOPE                         ars
NY    MOHOTA   TSCA   1626  2002   41 46   -74 10   MOHONK2nd itrdb line missin   ars
NY    MOHOTA   TSCA   1626  2002   41 46   -74 10   MOHONK3rd itrdb line missin   ars
Humpty16269990  09990  09990  09990  09990  09990  0 972  1 949  11097  1 889  1  ars
Humpty1630 904  1 846  11163  11028  11428  1 962  11207  11138  1 752  1 845  1  ars
Humpty1640 880  11128  11409  11344  11319  31096  31091  3 902  3 930  3 740  3  ars
Humpty1650 614  3 878  31129  31126  31227  31013  3 860  4 912  5 787  5 994  5  ars
Humpty16601075  51142  5 980  6 764  6 774  6 792  6 782  6 938  71012  71002  7  ars
Humpty16701009  71066  8 833  81207  81073  81194  9 843  91031 101061 111069 11  ars
Humpty16801269 11 989 111086 111073 111191 11 981 11 885 11 803 12 740 12 641 12  ars
Humpty1690 846 13 988 13 917 13 971 15 901 15 929 15 884 15 841 15 802 15 823 15  ars
Humpty1700 788 15 852 151152 151184 15 886 15 886 151100 15 987 15 881 15 824 15  ars
Humpty1710 798 15 892 151048 151160 151095 161013 16 964 16 973 171087 171029 17  ars
Humpty17201160 171189 171091 17 909 171099 171047 171089 171088 171130 181174 18  ars
Humpty17301161 191150 19 925 19 933 191142 19 995 201084 21 982 22 888 221145 22  ars
Humpty17401208 231074 23 958 231022 231057 241038 241087 241138 24 872 24 713 24  ars
Humpty1750 987 24 887 241011 251008 251175 251040 251222 25 933 25 960 251118 25  ars
Humpty17601140 261228 261003 261168 26 964 27 869 28 898 28 704 28 913 28 964 29  ars
Humpty1770 831 29 872 29 893 29 931 291065 291089 291147 291144 301072 301041 30  ars
Humpty1780 814 31 963 321081 32 936 32 875 32 870 321049 321092 321093 331123 33  ars
Humpty17901099 361084 36 851 37 842 37 827 38 840 38 813 38 910 39 743 39 741 39  ars
Humpty1800 807 38 935 38 993 381084 39 917 391013 39 884 39 894 391081 391155 39  ars
Humpty1810 995 391001 391106 391115 391117 391255 391077 40 971 401021 40 643 40  ars
Humpty1820 794 40 971 40 979 40 884 401041 401042 40 701 401090 401204 401059 40  ars
Humpty18301203 401206 401158 401249 401370 401071 40 953 401092 401133 40 827 41  ars
Humpty1840 869 41 901 421075 42 929 42 957 42 934 421004 42 980 421001 42 943 42  ars
Humpty1850 962 421070 42 928 42 896 42 957 42 908 42 849 42 908 421006 42 953 42  ars
Humpty18601015 42 895 42 881 42 972 42 992 411085 411024 411073 411162 411077 41  ars
Humpty18701029 41 876 41 771 41 749 411049 41 981 411050 41 941 411079 41 971 41  ars
Humpty1880 937 41 906 411122 411034 411051 41 906 41 886 41 877 41 848 411134 41  ars
Humpty18901359 411210 411403 411204 41 988 41 867 41 826 411077 411159 41 767 41  ars
Humpty1900 786 41 855 411282 411191 411194 411035 411154 411243 411100 41 836 41  ars
Humpty19101000 41 862 41 777 41 917 41 844 41 987 411216 411210 41 888 41 948 41  ars
Humpty1920 977 41 927 411139 41 891 41 975 411009 41 828 411010 411108 411122 41  ars
Humpty19301107 411125 411068 41 872 41 846 411107 41 905 411033 411230 411120 41  ars
Humpty1940 925 411001 41 949 411018 41 710 41 850 411249 411098 41 970 41 757 41  ars
Humpty1950 964 411221 411063 41 988 41 934 411034 41 917 411018 41 826 41 966 41  ars
Humpty1960 901 411285 41 872 41 989 40 755 40 406 40 850 401041 401098 401072 40  ars
Humpty19701131 401084 40 976 401262 401249 401380 401181 401098 40 990 401020 40  ars
Humpty19801014 40 946 40 889 40 876 40 724 40 881 151075 151048 15 805 151155 15  ars
Humpty19901219 151085 15 942 15 961 151020 151016 151048 15 994 15 811 15 786 15  ars
Humpty20001058 151016 151030 159990  09990  09990  09990  09990  09990  09990  0  ars
