CAHN HOUSE, Mohonk, NY QUleu                                                      ars
CAHN HOUSE, NEW PALTZ, NEW YORK -- CROSS-DATED OAK        2nd itrdb line missin   ars
CAHN HOUSE, NEW PALTZ, NEW YORK -- CROSS-DATED OAK        3rd itrdb line missin   ars
MoQUMO14499990  09990  09990  09990  09990  09990  09990  09990  09990  01057  1  ars
MoQUMO14501080  1 703  11306  11080  11080  1 932  11011  11008  11014  11138  1  ars
MoQUMO14601051  11102  1 830  1 635  1 859  11166  1 971  1 986  1 939  1 925  1  ars
MoQUMO1470 854  1 982  1 878  1 627  1 974  1 954  11116  11024  1 946  11098  1  ars
MoQUMO1480 976  11015  1 948  1 802  11064  1 911  1 925  11057  1 799  1 838  1  ars
MoQUMO1490 767  1 553  1 728  1 715  1 879  1 752  1 852  1 810  1 767  1 850  1  ars
MoQUMO1500 998  1 987  1 758  11038  11192  11050  11257  11101  11201  11001  1  ars
MoQUMO15101334  1 977  11228  11162  11118  31103  4 898  4 882  41021  51060  5  ars
MoQUMO15201039  51066  51134  51113  51073  51069  5 990  51069  5 989  5 916  6  ars
MoQUMO15301299  71174  8 979  8 834  8 853  8 937  8 903  9 665  91131 111095 11  ars
MoQUMO15401197 111168 111123 111041 12 768 13 865 131014 131177 131125 13 928 14  ars
MoQUMO1550 888 14 980 141002 14 860 15 981 15 878 151074 15 870 151080 161058 16  ars
MoQUMO1560 949 161188 16 855 161000 16 804 18 909 18 924 19 931 20 875 20 848 20  ars
MoQUMO1570 850 21 701 21 764 21 632 21 741 21 900 21 987 211119 211247 211199 23  ars
MoQUMO15801280 251288 251207 25 985 251257 261298 261018 261025 261032 261051 26  ars
MoQUMO15901013 26 958 26 855 271043 271030 271068 27 847 27 718 27 847 27 928 27  ars
MoQUMO16001036 271031 271043 27 849 27 891 271148 271231 271274 28 966 28 966 28  ars
MoQUMO16101186 281190 281133 281206 281137 281227 28 962 291107 311098 321085 33  ars
MoQUMO1620 918 341042 331052 361135 361121 36 862 381032 38 722 38 903 381047 38  ars
MoQUMO16301023 40 897 40 982 40 959 41 815 43 619 43 791 43 978 44 983 44 809 44  ars
MoQUMO1640 942 441107 441050 44 886 441009 44 873 44 988 441088 44 921 441014 44  ars
MoQUMO1650 779 44 823 44 990 441005 44 996 441245 441087 45 864 451465 451111 48  ars
MoQUMO16601071 481200 49 928 501085 50 838 51 804 51 842 51 941 511005 511158 51  ars
MoQUMO1670 962 54 898 541066 541167 541034 541127 551038 551165 541137 531216 53  ars
MoQUMO16801173 53 770 551020 54 963 541226 55 899 55 874 55 813 551057 55 982 56  ars
MoQUMO1690 837 57 745 56 999 56 940 551142 541200 551199 551065 56 860 57 635 56  ars
MoQUMO1700 821 56 748 56 955 56 894 55 812 491134 491114 491019 481062 48 949 48  ars
MoQUMO17101097 471122 471031 481213 48 820 491080 491181 491078 481014 481044 47  ars
MoQUMO17201060 471129 48 864 42 861 42 984 421088 401008 401079 401095 411138 40  ars
MoQUMO17301060 411130 411088 361048 361059 36 988 351045 351020 35 996 341078 32  ars
MoQUMO1740 908 32 844 31 670 31 629 31 711 31 873 31 787 301041 30 819 30 731 30  ars
MoQUMO1750 998 31 962 311203 311234 321344 331270 331207 32 954 331063 331004 34  ars
MoQUMO17601044 35 964 35 904 35 966 33 811 301027 321188 32 983 321171 32 954 32  ars
MoQUMO1770 905 34 899 34 710 36 735 36 890 37 979 38 902 381137 391093 391235 39  ars
MoQUMO17801221 411553 411250 431006 45 867 45 863 45 992 451052 451159 45 956 45  ars
MoQUMO17901087 48 892 48 875 48 946 481109 49 964 50 895 50 966 50 985 50 758 50  ars
MoQUMO1800 922 471090 471198 47 934 471011 47 893 47 775 471070 481069 48 927 49  ars
MoQUMO1810 999 50 977 511162 531133 531170 541133 56 870 55 916 56 896 56 810 56  ars
MoQUMO1820 801 581018 59 949 60 893 611090 621099 63 867 641071 641295 641050 65  ars
MoQUMO18301132 671042 681013 691291 691070 70 945 70 919 701012 71 878 71 841 71  ars
MoQUMO1840 741 72 963 721009 73 774 73 957 73 764 741113 74 997 761017 76 648 77  ars
MoQUMO1850 908 771073 78 856 781035 78 957 791076 82 921 821115 82 897 831086 83  ars
MoQUMO1860 976 85 830 851083 85 966 85 903 85 919 86 988 861025 861079 871122 88  ars
MoQUMO1870 923 881017 88 931 88 758 881165 88 833 881053 881029 891184 891194 89  ars
MoQUMO18801080 891250 891081 891103 89 864 891017 89 882 901087 90 906 901411 90  ars
MoQUMO18901076 90 808 901150 90 929 90 869 90 887 90 906 90 981 90 917 91 843 91  ars
MoQUMO1900 972 911021 911270 911044 911188 91 915 911213 91 964 911018 91 852 91  ars
MoQUMO1910 862 90 899 90 844 90 915 91 935 911028 911159 911131 91 835 911019 91  ars
MoQUMO19201271 911007 911204 91 923 91 998 91 909 91 959 911034 911091 91 927 91  ars
MoQUMO19301130 911210 911279 91 835 921141 921168 92 877 921115 921120 92 959 92  ars
MoQUMO1940 962 92 982 92 915 92 944 92 905 92 908 921112 921064 92 838 92 815 92  ars
MoQUMO1950 975 921016 921008 921082 92 960 921084 921077 92 943 92 995 92 951 92  ars
MoQUMO19601079 921225 92 819 92 911 91 838 91 685 91 719 91 862 91 918 91 974 91  ars
MoQUMO1970 923 901008 901243 901100 901219 451247 451175 45 905 441039 441058 44  ars
MoQUMO19801009 44 622 44 787 43 835 43 981 431077 431006 43 888 421025 301127 30  ars
MoQUMO19901118 30 841 301245 30 950 301119 301168 301062 301006 301143 30 805 30  ars
MoQUMO20001184 301057 301076 309990  09990  09990  09990  09990  09990  09990  0  ars
