MohonkCAGL.rw -- Mohonk, NY CAGL --                       1st itrdb line missing  ars
MohonkCAGL.rw -- no data title --                         2nd itrdb line missing  ars
MohonkCAGL.rw -- no data title --                         3rd itrdb line missing  ars
MoCAGL17401222  11195  11047  2 860  2 858  2 936  21013  21088  31161  3 929  3  ars
MoCAGL17501324  31009  31226  3 911  3 744  31146  31143  4 888  41077  41135  4  ars
MoCAGL17601209  41085  4 902  4 799  41007  4 796  41060  41012  41114  4 938  4  ars
MoCAGL1770 971  5 858  5 888  5 985  5 855  51055  51155  51370  51161  5 874  5  ars
MoCAGL17801130  51085  5 928  5 897  51024  5 851  5 881  51110  51245  51086  5  ars
MoCAGL17901188  5 999  5 933  5 938  5 902  5 879  5 908  5 980  51029  5 851  5  ars
MoCAGL1800 815  5 898  51028  5 776  51111  5 942  5 926  51069  5 857  5 877  5  ars
MoCAGL1810 970  5 704  51137  5 908  5 920  5 919  5 894  51183  51016  5 873  5  ars
MoCAGL1820 972  5 663  5 791  51037  5 898  51015  51013  51020  51072  5 909  5  ars
MoCAGL1830 924  5 675  5 853  51399  5 825  5 952  5 941  51127  5 893  51089  5  ars
MoCAGL1840 795  7 817  8 993  8 960  81279  8 944  91164 111139 12 980 14 615 15  ars
MoCAGL18501010 17 950 201014 21 960 21 788 211187 211073 211227 21 914 211069 21  ars
MoCAGL18601134 211129 211237 211124 21 805 21 777 22 932 22 925 22 928 221234 22  ars
MoCAGL18701209 231196 241141 24 775 25 814 25 730 25 726 25 946 251049 251242 25  ars
MoCAGL1880 935 261168 261005 261017 26 946 261185 261170 261181 26 929 261182 26  ars
MoCAGL1890 809 26 913 26 896 26 872 27 800 27 621 271191 271277 271110 271032 27  ars
MoCAGL19001071 27 984 271222 27 896 271194 26 967 261082 26 978 26 897 26 886 26  ars
MoCAGL1910 930 26 876 26 920 26 908 26 842 261121 261173 271180 27 805 28 919 28  ars
MoCAGL19201248 281094 281219 28 866 28 930 28 830 281120 281229 281030 281143 29  ars
MoCAGL19301123 281087 281317 28 800 281006 28 934 28 830 28 754 281145 28 825 28  ars
MoCAGL1940 928 28 998 281191 28 952 281182 281047 281216 281051 28 936 281058 28  ars
MoCAGL1950 981 271170 271158 271212 271137 271228 271155 27 908 27 868 271033 27  ars
MoCAGL19601047 271207 27 868 27 939 271010 27 640 27 732 27 790 27 860 27 863 27  ars
MoCAGL1970 901 27 785 271112 271134 271055 27 952 271275 27 988 27 951 27 844 27  ars
MoCAGL1980 652 27 662 271007 271013 27 836 271226 271022 27 887 27 953 271066 27  ars
MoCAGL19901266 27 822 271188 271106 271038 271086 27 967 271007 27 990 27 887 27  ars
MoCAGL20001139 271181 27 987 279990  09990  09990  09990  09990  09990  09990  0  ars
