MohonkQUVE.rw -- Mohonk, NY QUVE --                       1st itrdb line missing  ars
MohonkQUVE.rw -- no data title --                         2nd itrdb line missing  ars
MohonkQUVE.rw -- no data title --                         3rd itrdb line missing  ars
MoQUVE17939990  09990  09990  01028  11270  21217  31151  31167  31150  31099  3  ars
MoQUVE18001044  3 720  31017  3 951  31001  31011  3 877  31013  31058  31157  5  ars
MoQUVE18101167  51212  51181  5 881  5 812  5 942  5 818  5 947  5 934  5 738  5  ars
MoQUVE1820 706  5 656  5 873  5 918  5 877  6 674  6 595  7 802  7 909  7 889  8  ars
MoQUVE18301089  91051 101192 101283 101193 121060 121026 121044 13 849 131073 13  ars
MoQUVE1840 910 141093 161116 161034 17 943 19 895 191199 191013 201079 20 862 20  ars
MoQUVE18501033 201034 211004 21 896 21 800 211087 211008 211247 21 999 211170 21  ars
MoQUVE18601093 21 971 211276 211339 211054 21 968 22 908 22 925 22 981 221060 22  ars
MoQUVE1870 949 22 999 221092 22 880 221112 22 989 221115 221042 22 941 22 952 22  ars
MoQUVE1880 881 231101 23 885 23 782 23 729 23 772 22 855 22 985 22 811 221245 22  ars
MoQUVE1890 986 23 993 231081 231032 241036 24 990 241205 241172 24 936 24 994 24  ars
MoQUVE19001079 25 885 25 942 25 823 251043 25 873 261229 26 968 261020 26 887 26  ars
MoQUVE1910 920 26 807 26 863 26 693 26 884 261070 261288 261208 261145 261146 26  ars
MoQUVE19201549 261197 261253 26 964 261107 261136 261124 261121 261105 261084 26  ars
MoQUVE19301061 261062 261054 26 812 26 991 26 992 26 916 261106 261201 26 987 26  ars
MoQUVE1940 923 261006 261010 261042 261079 26 992 261032 261205 261055 26 988 26  ars
MoQUVE19501078 261092 26 933 26 918 26 912 261020 26 883 26 917 26 950 26 894 26  ars
MoQUVE1960 935 25 930 25 793 25 881 25 845 25 700 25 710 25 727 25 864 25 907 25  ars
MoQUVE1970 932 251060 251083 25 861 251000 251160 251123 25 996 25 903 251015 25  ars
MoQUVE1980 890 25 660 25 911 25 874 25 916 25 956 25 949 251047 25 848 251062 25  ars
MoQUVE19901102 25 899 251170 251125 251116 251099 251123 251065 251053 25 929 25  ars
MoQUVE20001146 251163 251010 259990  09990  09990  09990  09990  09990  09990  0  ars
