NY    ROCKRD   TSCA   Mohonk, NY TSCA   ROCK RIFT ROAD                            ars
NY    ROCKRD   TSCA   1660  1986   41 46   -74 10   ROCK R2nd itrdb line missin   ars
NY    ROCKRD   TSCA   1660  1986   41 46   -74 10   ROCK R3rd itrdb line missin   ars
RockRi16589990  09990  09990  09990  09990  09990  09990  09990  01134  11097  1  ars
RockRi16601178  11076  1 882  1 650  1 822  1 873  1 635  1 850  1 862  1 797  1  ars
RockRi1670 754  1 852  1 843  1 890  1 874  1 935  2 965  2 979  3 952  31130  4  ars
RockRi16801274  41089  4 850  4 765  4 921  41005  41027  4 874  4 894  4 997  4  ars
RockRi16901031  41037  51032  5 809  51049  51362  71198  71067  71056  7 996  7  ars
RockRi17001007  81012  81140  81268  8 793  81077  81352  81146  8 672  8 899  8  ars
RockRi1710 992 10 896 101082 101096 10 982 101021 10 919 111002 11 990 11 895 11  ars
RockRi17201100 111199 111082 12 968 121007 121228 131104 131056 13 897 141022 14  ars
RockRi17301118 141173 14 936 14 901 141115 15 961 15 943 15 996 15 849 151119 15  ars
RockRi17401068 15 863 15 835 15 957 15 942 151115 15 997 151134 15 822 15 719 15  ars
RockRi1750 954 15 889 151113 151124 151064 15 866 151166 15 859 15 855 151128 15  ars
RockRi17601097 151009 16 795 16 928 16 904 17 915 17 960 17 744 17 649 18 648 18  ars
RockRi1770 781 18 858 18 878 19 811 19 982 191231 191234 201243 201106 201100 20  ars
RockRi1780 925 20 978 211112 211010 21 872 21 883 211163 221185 221277 221145 22  ars
RockRi17901046 22 970 23 747 23 797 23 700 23 705 23 709 24 984 24 785 24 794 25  ars
RockRi1800 804 251114 251151 251019 25 832 251001 25 744 251054 251236 251221 25  ars
RockRi18101160 251061 251147 251079 251175 251405 251015 251171 251024 25 796 25  ars
RockRi1820 788 25 951 251249 251051 251134 251141 25 677 251012 251286 251018 25  ars
RockRi18301192 251155 251079 251177 251410 251096 25 948 251140 251253 25 932 26  ars
RockRi18401061 26 947 261135 26 920 26 994 26 950 261005 261032 261091 26 904 26  ars
RockRi1850 915 261106 261081 26 952 26 857 26 837 26 899 261044 261157 261034 26  ars
RockRi18601048 27 750 27 969 27 906 27 838 27 904 27 954 271017 271099 27 857 27  ars
RockRi1870 808 27 746 27 796 27 741 271059 271168 281070 281040 291078 291034 29  ars
RockRi1880 906 30 890 301058 31 898 311066 311020 311049 31 840 31 829 311083 32  ars
RockRi18901248 331012 341155 341060 34 991 36 825 37 740 371187 371223 37 860 38  ars
RockRi1900 785 39 973 391257 391224 391156 39 966 391061 391174 391121 391009 39  ars
RockRi19101076 39 942 39 823 39 990 39 903 39 811 391068 391204 39 908 39 994 39  ars
RockRi1920 884 39 873 391153 39 968 39 869 39 952 39 844 391043 391123 391079 39  ars
RockRi1930 987 391007 391012 39 833 39 850 391132 39 926 391052 391104 39 988 39  ars
RockRi1940 842 39 929 39 959 391043 39 811 39 876 391183 391057 391025 39 894 39  ars
RockRi1950 932 391210 391011 39 921 39 838 391009 39 900 39 958 39 980 391123 39  ars
RockRi1960 933 391329 39 856 391059 39 783 39 539 39 791 39 961 391087 391163 39  ars
RockRi19701011 381055 38 915 381211 381177 381274 381120 381042 38 870 38 875 38  ars
RockRi1980 948 38 990 38 919 38 965 38 850 381053 361057 36 970 14 880 141111 14  ars
RockRi19901352 141142 141092 14 904 141050 141186 141113 141016 14 931 14 870 14  ars
RockRi20001028 14 963 141006 14 855 141094 149990  09990  09990  09990  09990  0  ars
