MontPlaceLITUbstPhil.rw -- Montgomery Place, NY LITU --   1st itrdb line missin   ars
MontTUaceLITUbstPhil.rw -- no data title --               2nd itrdb line missin   ars
MontTUaceLITUbstPhil.rw -- no data title --               3rd itrdb line missin   ars
MontTU17549990  09990  09990  09990  0 918  1 896  1 941  1 679  1 700  11013  1  ars
MontTU17601160  11080  2 742  21204  21088  2 930  2 892  2 935  2 912  2 932  2  ars
MontTU1770 781  21000  21034  2 843  21242  21103  21145  21093  21371  21237  2  ars
MontTU17801446  21074  2 981  21190  2 962  2 915  21089  2 990  21182  21105  2  ars
MontTU17901205  2 809  2 805  2 887  2 862  21014  21011  2 952  2 974  2 831  3  ars
MontTU18001021  3 953  31071  3 617  4 824  4 759  4 663  4 958  41044  4 692  4  ars
MontTU18101101  41198  51192  51113  51104  51365  51326  51048  6 886  61079  6  ars
MontTU1820 946  61127  61205  61135  61188  61048  6 889  61032  61138  6 983  6  ars
MontTU1830 984  6 982  61248  61273  61289  6 818  6 918  6 764  6 805  6 678  6  ars
MontTU1840 549  6 863  6 820  6 904  61056  6 969  6 953  61116  61065  7 852  7  ars
MontTU1850 996  71192  7 946  8 930  81059  81026  81040  8 883  8 882  8 948  8  ars
MontTU1860 759  81009  81134  81303  81020  8 733  81087  8 878  8 880  81162  8  ars
MontTU18701066  8 945  81147  8 834  8 849  81111  8 911  8 800  8 993  81214  8  ars
MontTU1880 998  8 870  81082  91014  9 888  9 671  9 746  9 976  9 838 10 826 10  ars
MontTU18901138 101072 101229 101024 13 731 13 816 13 860 13 891 131204 131057 13  ars
MontTU1900 890 13 800 131062 131015 141013 14 731 151086 161017 171051 17 866 18  ars
MontTU19101052 19 913 19 907 20 986 201089 201238 201281 20 949 20 760 201231 20  ars
MontTU1920 936 201256 201176 201015 20 843 20 883 20 950 201061 201048 20 963 20  ars
MontTU1930 886 20 993 201341 201179 20 996 20 959 20 792 201091 201352 20 930 20  ars
MontTU1940 835 201112 201044 201019 20 972 201244 201186 201058 201006 201005 20  ars
MontTU1950 968 201323 201315 201036 201015 201119 20 821 20 717 20 858 20 959 20  ars
MontTU19601130 201182 20 672 20 968 20 635 20 591 20 751 20 980 201212 201041 20  ars
MontTU19701085 20 877 201177 201352 201204 201061 201032 201050 201083 20 997 20  ars
MontTU1980 837 20 789 20 924 20 984 20 796 201183 201236 201021 20 917 201068 20  ars
MontTU19901091 20 831 201046 20 760 201035 201009 20 956 20 893 201179 20 888 20  ars
MontTU20001198 19 986 19 960 199990  09990  09990  09990  09990  09990  09990  0  ars
