MontPlaceQURUbst.rw -- Montgomery Place, NY QURU --       1st itrdb line missin   ars
MontPlaceQURUbst.rw -- no data title --                   2nd itrdb line missin   ars
MontPlaceQURUbst.rw -- no data title --                   3rd itrdb line missin   ars
MntQUR17879990  09990  09990  09990  09990  09990  09990  01030  11187  11324  1  ars
MntQUR17901029  1 834  1 953  1 975  11064  11206  11067  11132  11141  11016  1  ars
MntQUR18001091  11157  1 764  1 966  1 935  1 902  1 884  1 779  1 583  1 625  1  ars
MntQUR1810 572  1 731  1 740  11033  1 786  1 793  2 786  2 851  2 938  2 823  2  ars
MntQUR1820 752  4 787  4 766  4 884  41084  5 828  51121  51349  51386  51245  5  ars
MntQUR18301268  61220  61016  61137  61125  71164  8 931  8 797  8 796  81007  9  ars
MntQUR1840 838  9 900  91103  9 988  91035  9 878  91028  91098  91106  9 990  9  ars
MntQUR18501167  91199  9 982  9 979 10 960 101066 10 984 10 960 11 751 12 895 12  ars
MntQUR1860 869 12 907 121330 121339 131001 13 983 131093 141042 141212 141214 14  ars
MntQUR1870 877 141031 141011 14 800 161055 16 869 161018 16 832 161108 171148 17  ars
MntQUR1880 944 171170 171033 17 913 17 887 18 878 19 976 191085 19 920 191270 19  ars
MntQUR18901123 191056 201061 20 871 20 859 20 716 20 862 211001 211019 22 854 23  ars
MntQUR1900 826 23 829 23 886 23 924 231057 23 949 231003 23 880 24 950 25 890 25  ars
MntQUR1910 990 25 754 25 851 25 693 25 903 251269 261412 261184 261119 26 999 26  ars
MntQUR19201038 27 961 271038 27 926 27 981 27 891 27 945 271028 271157 271124 27  ars
MntQUR19301154 271044 27 943 27 786 27 957 271007 27 883 28 998 281302 281014 28  ars
MntQUR1940 943 281044 28 954 281011 281092 281050 281084 281228 281160 281160 28  ars
MntQUR19501241 281291 281246 281135 281122 281284 281031 28 846 28 894 28 902 28  ars
MntQUR1960 858 28 884 28 698 27 603 27 742 27 687 27 742 271056 271149 271101 27  ars
MntQUR1970 923 27 971 271157 27 913 27 989 271113 271128 271046 271019 271033 27  ars
MntQUR1980 900 26 653 26 942 261060 26 939 26 859 261049 261035 261123 261135 26  ars
MntQUR19901068 26 875 26 999 261015 261050 26 834 26 914 26 853 261198 261004 26  ars
MntQUR20001227 261173 261036 269990  09990  09990  09990  09990  09990  09990  0  ars
