MontPlaceQUMObst.rw -- Montgomery Place, NY QUMO --       1st itrdb line missin   ars
MontQMaceQUMObst.rw -- no data title --                   2nd itrdb line missin   ars
MontQMaceQUMObst.rw -- no data title --                   3rd itrdb line missin   ars
MontQM17279990  09990  09990  09990  09990  09990  09990  01121  1 974  1 983  1  ars
MontQM17301079  11018  1 967  1 905  1 877  1 816  1 882  1 848  1 978  11063  1  ars
MontQM17401049  1 994  1 948  11001  11252  11275  11113  11109  11010  1 929  1  ars
MontQM17501083  1 942  1 996  11112  1 951  11007  1 904  1 992  1 936  1 999  1  ars
MontQM1760 931  1 932  1 860  11223  21103  21069  21237  2 803  2 819  2 727  3  ars
MontQM1770 825  3 759  3 730  3 851  31010  31205  3 908  31142  31134  31034  4  ars
MontQM17801035  51035  5 851  51046  5 780  5 807  5 897  51196  51186  61058  6  ars
MontQM17901069  6 994  61039  6 976  61084  61043  61018  6 959  6 855  6 809  6  ars
MontQM1800 762  6 937  61001  6 791  6 843  6 882  9 864  91055  91030  9 726  9  ars
MontQM1810 937  9 874  91060 101026 101083 111120 111023 12 998 12 815 12 945 13  ars
MontQM1820 877 151026 15 988 161049 161161 18 974 181023 181161 181351 191083 20  ars
MontQM18301307 211108 211156 211107 211159 231012 23 861 23 905 23 782 231035 23  ars
MontQM1840 724 24 946 251093 26 831 261093 26 817 27 997 281063 281059 29 878 29  ars
MontQM18501170 291138 30 912 301101 301002 301149 30 879 30 937 31 707 31 999 31  ars
MontQM1860 905 31 851 311088 311010 31 866 31 917 311077 311088 32 998 321139 32  ars
MontQM1870 873 321116 32 930 32 793 321091 32 846 321040 321002 321271 321252 32  ars
MontQM18801101 321221 321099 321057 321091 32 915 32 900 32 887 32 833 321122 32  ars
MontQM18901070 32 917 321112 32 878 32 962 32 778 32 929 321118 321018 32 803 32  ars
MontQM1900 869 321029 321149 321029 321126 32 877 321048 32 904 32 978 32 973 32  ars
MontQM1910 983 32 810 32 948 32 910 32 949 321047 321152 321147 321060 321023 32  ars
MontQM19201055 321086 321044 32 813 31 877 31 941 31 912 311037 311079 311055 31  ars
MontQM19301111 311060 311146 311013 311236 311175 311031 31 997 31 984 31 925 31  ars
MontQM19401000 31 969 31 969 32 911 32 910 32 950 32 993 32 965 32 795 32 830 32  ars
MontQM1950 955 32 985 32 950 321164 321021 321100 32 897 32 880 321050 32 899 32  ars
MontQM1960 935 321056 32 710 32 777 32 837 32 735 32 881 321037 32 976 321056 32  ars
MontQM1970 911 32 936 321122 321155 321256 321234 321125 32 988 321003 32 994 32  ars
MontQM1980 965 32 667 321022 321164 321079 32 987 321139 32 986 321185 321105 32  ars
MontQM19901040 32 860 321123 32 887 321079 32 939 32 868 32 831 321131 32 898 32  ars
MontQM20001285 321090 321145 329990  09990  09990  09990  09990  09990  09990  0  ars
