Pack Forest, NY TSCA                                                              ars
Chris Baisan's southern Vermont hemlock                   2nd itrdb line missin   ars
Chris Baisan's southern Vermont hemlock                   3rd itrdb line missin   ars
PackFo14539990  09990  09990  01103  1 985  2 982  21115  21128  21165  21072  2  ars
PackFo14601100  2 669  2 657  2 842  21036  21196  21387  21078  2 771  2 987  2  ars
PackFo14701182  2 914  2 997  21117  21135  21286  21252  2 904  21112  21262  2  ars
PackFo14801307  21064  2 988  2 876  21104  21191  21157  21168  2 948  2 968  2  ars
PackFo14901059  2 993  21201  2 999  2 859  2 924  2 717  21030  21055  2 800  2  ars
PackFo1500 989  21071  2 967  2 657  2 854  21072  21030  21029  2 984  2 719  3  ars
PackFo1510 916  3 838  3 796  3 758  3 977  31073  31133  3 694  3 601  3 822  4  ars
PackFo1520 992  41114  41141  41155  41048  41245  41244  41260  4 988  41029  4  ars
PackFo15301187  4 999  4 683  4 843  4 943  4 999  41158  4 872  4 817  41008  4  ars
PackFo1540 949  41036  4 772  4 823  4 858  4 832  41083  4 713  4 849  4 842  4  ars
PackFo1550 697  4 771  41288  41388  41161  41113  4 959  4 807  5 829  5 904  5  ars
PackFo1560 982  5 833  5 885  5 976  6 881  61058  6 991  61145  6 815  7 788  7  ars
PackFo1570 796  9 896  9 926 10 820 101139 101045 101077 10 701 10 897 12 794 12  ars
PackFo15801009 121186 13 950 13 728 131020 131381 131307 141122 141142 141129 14  ars
PackFo15901057 141133 14 907 141177 141253 141079 151001 15 978 15 843 15 977 15  ars
PackFo16001098 151166 151255 151074 16 904 16 916 16 902 161048 19 995 20 961 20  ars
PackFo16101201 201163 201158 21 992 21 751 21 948 211194 211104 22 938 22 885 22  ars
PackFo1620 653 221033 221141 231146 231135 24 932 25 916 26 870 261030 27 831 27  ars
PackFo1630 978 27 835 29 786 291066 291190 30 637 31 888 311073 321239 321009 32  ars
PackFo1640 872 32 761 321041 321163 321076 32 768 32 892 341248 341030 34 641 34  ars
PackFo1650 687 371114 381204 381004 381174 381059 401264 401054 411009 411123 41  ars
PackFo16601137 411038 42 858 42 940 421125 421000 43 767 44 940 44 992 44 967 44  ars
PackFo1670 749 45 952 45 927 451067 451114 46 942 461146 461079 461142 46 879 46  ars
PackFo16801236 47 918 48 840 48 818 481013 48 775 48 814 48 795 481114 491129 49  ars
PackFo16901025 51 678 521017 521170 521043 531300 541138 561143 60 941 60 890 60  ars
PackFo1700 921 601077 601146 601395 60 896 60 821 601235 601075 611004 62 957 62  ars
PackFo1710 928 621078 621064 62 863 631040 651090 65 928 651043 661037 671054 67  ars
PackFo1720 908 671228 671078 67 762 67 887 681218 681287 681153 68 929 68 916 68  ars
PackFo17301170 691274 691090 69 965 691090 69 917 69 845 69 816 69 774 69 887 69  ars
PackFo17401031 69 803 691004 69 925 69 960 691099 69 922 69 973 69 772 69 621 69  ars
PackFo1750 810 701079 701128 701022 701019 70 950 701376 701091 69 909 691251 69  ars
PackFo17601109 69 940 66 684 66 866 671109 681038 69 920 69 788 69 770 691215 70  ars
PackFo1770 908 70 879 69 878 68 863 68 846 67 938 67 904 671220 671161 67 802 67  ars
PackFo1780 880 67 874 671090 671118 67 959 67 929 661217 651161 651234 651321 66  ars
PackFo1790 917 66 736 65 697 651101 66 885 66 983 67 826 641022 64 872 64 875 64  ars
PackFo1800 958 661183 651127 661242 66 896 661056 66 805 65 935 65 988 651091 62  ars
PackFo18101035 601068 61 975 611093 611071 611437 621112 601169 59 914 60 814 60  ars
PackFo1820 707 59 821 59 926 591131 591150 581078 57 878 551027 551238 55 963 56  ars
PackFo18301270 551129 541005 541159 541365 531125 50 849 50 667 47 944 47 811 46  ars
PackFo1840 893 46 818 46 931 46 821 46 808 461097 46 882 45 916 451138 441111 44  ars
PackFo1850 940 441043 44 979 441090 441074 441052 44 990 44 958 441054 441174 44  ars
PackFo18601237 441009 44 991 441008 431061 43 936 431181 431173 431141 43 766 43  ars
PackFo1870 846 42 905 42 760 42 729 42 993 42 921 42 872 42 646 42 797 42 870 42  ars
PackFo18801122 42 880 421232 42 835 421129 42 902 421047 42 910 42 898 421246 42  ars
PackFo18901308 421121 421243 421189 421250 42 881 421022 421246 421318 42 860 42  ars
PackFo1900 866 42 971 421105 421288 421035 42 988 421016 42 905 42 862 42 960 42  ars
PackFo19101030 42 815 42 878 421031 42 824 421005 421154 421051 42 635 42 912 42  ars
PackFo1920 873 421207 421034 42 946 421027 421118 421011 42 956 421272 421100 42  ars
PackFo19301280 421199 421162 421162 42 827 42 978 421020 421017 421142 421024 42  ars
PackFo1940 968 42 939 42 713 42 888 42 859 421179 421443 421078 42 833 42 900 42  ars
PackFo1950 774 421060 421238 421028 421139 421326 42 895 421001 42 919 42 917 42  ars
PackFo1960 579 421087 42 912 421006 42 949 42 857 42 915 421100 421145 42 864 42  ars
PackFo1970 903 42 893 42 754 421227 421117 421111 41 981 401032 151005 15 946 15  ars
PackFo19801043 151027 15 977 15 969 15 664 15 934 151160 151053 15 929  81214  8  ars
PackFo19901254  81202  81148  81071  8 730  8 971  8 856  81030  8 837  8 900  8  ars
PackFo2000 683  81029  81061  81066  79990  09990  09990  09990  09990  09990  0  ars
