ProQURUbstB.rw -- Prospect Mountain, NY QURU --           1st itrdb line missin   ars
ProQURUbstB.rw -- no data title --                        2nd itrdb line missin   ars
ProQURUbstB.rw -- no data title --                        3rd itrdb line missin   ars
ProQUR18169990  09990  09990  09990  09990  09990  0 886  11231  11342  11313  1  ars
ProQUR18201016  1 898  1 908  1 821  11100  11146  11092  11209  11331  1 988  2  ars
ProQUR1830 866  21032  3 990  31016  31228  51186  5 974  5 811  51010  5 848  5  ars
ProQUR1840 670  5 847  5 799  51159  51095  6 904  6 957  6 910  7 998  7 634  8  ars
ProQUR18501130  91205  91037 101047 101178 11 791 12 997 131105 131001 13 955 13  ars
ProQUR1860 932 131041 131013 13 971 13 765 131031 13 881 13 812 13 924 131091 13  ars
ProQUR1870 690 13 773 141105 14 986 141226 151125 161038 18 974 18 779 18 892 18  ars
ProQUR18801008 181138 181051 19 943 19 767 191070 201214 201344 201023 201244 20  ars
ProQUR1890 921 20 866 201098 20 944 211084 21 777 21 917 211143 211092 22 813 23  ars
ProQUR1900 788 23 894 24 984 241070 241301 241339 251411 251017 25 848 26 783 27  ars
ProQUR1910 822 27 854 27 790 27 798 27 807 271038 271256 271168 271081 271019 27  ars
ProQUR19201201 271151 271103 27 871 27 963 27 891 271109 281149 281190 281206 28  ars
ProQUR19301091 281158 281091 28 959 28 979 28 995 28 846 281024 28 961 28 934 28  ars
ProQUR1940 816 28 648 28 945 28 930 281084 28 980 28 986 281187 281059 28 783 28  ars
ProQUR1950 898 281082 28 972 28 776 28 919 281203 281073 281011 281039 28 975 28  ars
ProQUR19601010 271129 271001 27 980 27 869 27 806 27 815 27 861 271004 271068 27  ars
ProQUR1970 991 271035 271233 271111 271080 271152 271041 27 974 271012 271044 27  ars
ProQUR1980 948 27 714 271009 27 908 27 983 271020 27 894 271155 271143 27 972 27  ars
ProQUR19901007 27 909 27 966 271038 271075 27 983 271071 271026 271018 27 912 27  ars
ProQUR2000 927 231053 229990  09990  09990  09990  09990  09990  09990  09990  0  ars
