ProQUAL.rw -- Prospect Mountain, NY QUAL --               1st itrdb line missin   ars
ProQUAL.rw -- no data title --                            2nd itrdb line missin   ars
ProQUAL.rw -- no data title --                            3rd itrdb line missin   ars
ProQUA16599990  09990  09990  09990  09990  09990  09990  09990  09990  01295  1  ars
ProQUA16601127  11308  11220  11125  11053  1 877  1 722  1 979  1 825  11162  1  ars
ProQUA16701078  1 872  1 851  11047  1 976  1 781  1 896  11139  1 803  1 715  1  ars
ProQUA1680 949  2 840  2 843  21187  21237  2 528  2 630  2 519  2 717  2 791  2  ars
ProQUA16901119  21200  21121  21135  21393  21295  21201  2 964  2 944  21081  2  ars
ProQUA17001205  21080  21163  21129  2 944  2 937  2 923  21136  21212  21179  2  ars
ProQUA17101059  21229  21156  21356  21326  2 701  2 571  2 516  2 577  2 828  2  ars
ProQUA1720 927  2 934  2 791  2 831  3 745  3 945  3 979  41173  41001  41035  4  ars
ProQUA17301085  4 875  4 941  4 922  41047  41101  4 819  4 956  4 952  41195  5  ars
ProQUA1740 984  51103  5 975  51119  5 897  51205  5 774  51322  5 942  5 792  5  ars
ProQUA1750 863  5 814  5 910  5 709  5 795  5 942  5 933  5 711  51197  51073  5  ars
ProQUA17601763  51282  51028  51397  5 964  51232  6 916  61011  61183  6 943  6  ars
ProQUA1770 745  61072  6 864  6 964  61288  6 942  71179  71196  7 929  71113  7  ars
ProQUA17801310  71348  81103  81061  8 987  9 828  9 889  91204  91382  91067  9  ars
ProQUA1790 980 10 747 10 713 12 819 12 854 121041 131161 131043 131087 15 962 15  ars
ProQUA1800 908 15 887 16 643 17 707 17 808 17 656 17 758 171322 171115 17 873 18  ars
ProQUA18101069 181043 181097 18 938 181030 191033 20 717 21 929 211100 211177 21  ars
ProQUA1820 872 24 975 241008 24 835 241171 25 990 25 817 251185 251348 251308 25  ars
ProQUA18301129 271322 29 977 291422 291274 291177 291005 291011 291021 291038 29  ars
ProQUA1840 606 29 860 29 910 29 986 291103 291041 291302 29 967 291201 29 618 29  ars
ProQUA18501106 291280 29 793 29 999 291216 29 897 29 968 291267 29 975 29 922 29  ars
ProQUA18601032 291164 291141 291119 29 871 291144 29 892 29 896 29 978 291151 29  ars
ProQUA1870 748 29 929 291078 29 864 291111 29 965 29 784 29 812 29 801 29 833 29  ars
ProQUA18801011 29 835 29 853 29 742 29 576 29 886 29 992 291084 29 863 311332 30  ars
ProQUA1890 930 301063 301269 301030 301168 30 773 30 912 301169 301090 30 733 30  ars
ProQUA1900 721 301024 301286 301150 301384 301135 301277 30 902 30 791 30 704 30  ars
ProQUA1910 700 30 745 30 664 30 838 30 708 301168 301155 301094 30 979 301104 30  ars
ProQUA19201221 301079 301134 30 806 30 938 301111 301108 301118 301182 301103 30  ars
ProQUA1930 996 301132 301067 30 864 301093 301175 301042 301221 301014 30 992 30  ars
ProQUA1940 868 30 598 301106 30 809 301049 30 941 30 839 301240 30 767 30 574 30  ars
ProQUA1950 914 301288 301025 30 862 301109 301251 301040 301000 30 967 30 867 30  ars
ProQUA1960 845 301132 30 896 30 748 30 759 30 741 30 987 301016 301118 301112 30  ars
ProQUA1970 819 30 965 301263 30 975 301078 301171 301256 301035 301033 301089 30  ars
ProQUA1980 863 30 607 301046 30 972 301322 301114 301253 301190 301182 30 847 30  ars
ProQUA1990 957 30 892 301260 301006 301182 30 877 301121 291001 291171 28 629 28  ars
ProQUA2000 852 26 673  59990  09990  09990  09990  09990  09990  09990  09990  0  ars
