ProBELEbestB.rw -- Prospect Mountain, NY BELE --          1st itrdb line missin   ars
ProBELEbestB.rw -- no data title --                       2nd itrdb line missin   ars
ProBELEbestB.rw -- no data title --                       3rd itrdb line missin   ars
ProBEL1820 748  2 802  2 927  2 915  21046  2 957  2 775  21122  2 972  2 960  2  ars
ProBEL1830 947  2 904  3 903  41233  41039  4 998  4 884  41156  41175  61167  6  ars
ProBEL1840 997  6 836  61017  71113  71262  71153  71324  71387  71257  7 801  7  ars
ProBEL18501133  71209  7 931  7 704  7 677  7 539  7 706  7 933  71022  71025  7  ars
ProBEL18601038  81168  81077  81122  81065  81210  8 936  8 917  8 849 101138 12  ars
ProBEL1870 888 13 879 141073 151073 161305 161112 16 993 16 848 16 901 16 929 17  ars
ProBEL1880 961 17 705 17 737 17 684 18 574 18 817 18 976 181033 18 900 191092 19  ars
ProBEL1890 881 19 791 191169 191143 191253 19 794 191028 191362 201178 20 660 20  ars
ProBEL1900 680 201045 201052 20 812 201095 201077 201416 201262 21 918 22 950 22  ars
ProBEL19101006 22 815 22 830 22 959 22 751 22 986 221315 221252 231132 231093 23  ars
ProBEL1920 885 231050 221179 22 844 22 990 221112 221177 221340 221190 221309 22  ars
ProBEL19301161 221013 22 987 22 939 22 777 22 949 221017 22 768 22 813 22 937 22  ars
ProBEL1940 821 20 527 20 645 20 894 20 956 201091 201177 201523 201227 20 761 20  ars
ProBEL1950 766 201181 201184 20 706 201013 201303 20 963 201192 201127 20 982 20  ars
ProBEL1960 817 201169 201099 20 833 20 874 20 738 20 966 20 999 201069 201118 20  ars
ProBEL1970 993 201022 201297 201237 20 970 201049 201167 201209 201107 20 832 20  ars
ProBEL19801059 20 765 201183 191198 19 825 19 851 19 897 19 883 19 981 19 930 19  ars
ProBEL19901029 19 977 191015 191125 191104 19 808 19 860 191041 19 793 19 681 19  ars
ProBEL2000 901 191052 199990  09990  09990  09990  09990  09990  09990  09990  0  ars
