ProCaryaBstB.rw -- Prospect Mountain, NY CAOV --          1st itrdb line missin   ars
ProCaryaBstB.rw -- no data title --                       2nd itrdb line missin   ars
ProCaryaBstB.rw -- no data title --                       3rd itrdb line missin   ars
ProCar17759990  09990  09990  09990  09990  0 932  21108  21374  21003  21133  2  ars
ProCar1780 989  2 919  2 838  2 904  2 738  2 962  21127  21252  21468  21187  2  ars
ProCar17901046  2 889  2 844  21022  2 890  21186  21321  21230  21207  21123  2  ars
ProCar1800 949  2 880  21016  2 793  21028  2 951  2 746  21309  21129  2 782  2  ars
ProCar18101013  2 929  21008  2 838  21009  21097  2 858  2 899  2 904  2 912  2  ars
ProCar1820 772  2 865  2 721  2 721  2 609  2 587  2 853  21165  21387  21279  4  ars
ProCar1830 984  6 928  6 771 111096 12 993 121025 13 990 16 992 19 996 19 883 19  ars
ProCar1840 642 19 989 191063 21 970 211048 21 878 221124 221092 221156 22 695 22  ars
ProCar18501198 221317 241044 261119 261237 26 616 26 950 261122 271026 27 970 27  ars
ProCar1860 983 271161 271153 271245 27 860 271089 27 883 271034 291076 291223 29  ars
ProCar1870 875 291049 291254 29 908 291181 291133 29 981 29 900 29 679 29 876 29  ars
ProCar18801036 29 927 29 810 29 868 29 659 29 952 29 994 291176 29 992 291195 29  ars
ProCar1890 953 291010 291309 291069 291196 29 760 29 921 291154 291036 29 731 29  ars
ProCar1900 785 291156 291254 29 985 291091 291130 291185 29 969 29 819 29 694 29  ars
ProCar1910 859 29 924 29 737 29 778 29 708 291067 291125 29 856 29 866 29 918 29  ars
ProCar19201147 29 905 291027 29 800 29 831 291067 291123 29 901 29 848 291176 29  ars
ProCar19301067 291314 291227 291054 291155 291211 291143 291073 29 917 291092 29  ars
ProCar19401011 29 662 291279 291062 291182 29 978 29 908 291230 29 668 29 567 29  ars
ProCar1950 886 281023 28 925 28 900 28 957 281270 281078 28 788 28 915 28 969 28  ars
ProCar19601056 281094 271114 27 890 27 668 27 706 27 855 27 771 27 700 27 848 27  ars
ProCar1970 814 27 950 271455 27 861 27 870 271084 271008 271035 27 949 27 979 27  ars
ProCar19801164 271089 271368 271173 271283 271104 271084 271110 27 874 271331 27  ars
ProCar19901153 27 946 271222 271096 271071 27 780 27 901 27 901 271123 26 631 26  ars
ProCar20001087 201016  29990  09990  09990  09990  09990  09990  09990  09990  0  ars
