OldMaidsQUVE.rw -- Schenectady, NY QUVE --                1st itrdb line missin   ars
OldMaidsQUVE.rw -- no data title --                       2nd itrdb line missin   ars
OldMaidsQUVE.rw -- no data title --                       3rd itrdb line missin   ars
OldMai18029990  09990  0 732  3 897  31386  31182  31162  3 998  31177  3 988  5  ars
OldMai18101209  61192  71085  71048  9 870  9 870  9 751 101005 101011 10 758 11  ars
OldMai1820 466 11 745 11 885 11 907 111098 111043 121327 12 942 121141 12 972 12  ars
OldMai18301182 121303 121204 121414 121329 131216 131018 131013 14 982 151165 15  ars
OldMai1840 898 15 887 151048 151053 15 914 15 956 161169 16 952 16 916 17 917 17  ars
OldMai1850 939 171182 17 951 17 879 17 949 171002 17 846 161026 16 882 16 992 16  ars
OldMai1860 866 16 872 16 948 16 965 16 715 16 687 16 801 16 762 16 832 161009 16  ars
OldMai1870 838 16 907 161056 16 915 16 962 16 941 16 907 16 908 161026 161092 16  ars
OldMai18801056 161025 161031 16 837 16 787 16 967 161000 161074 16 948 161181 16  ars
OldMai18901120 16 969 16 968 16 967 16 980 16 835 16 917 161041 161030 16 975 16  ars
OldMai1900 859 16 866 161082 161087 171235 171029 171020 17 920 17 915 17 874 17  ars
OldMai1910 926 18 747 18 884 18 872 18 889 18 994 181176 181241 181085 191139 19  ars
OldMai19201210 191158 191067 19 925 20 995 201111 201132 201080 201171 201058 20  ars
OldMai19301028 201030 211215 221023 22 954 221009 22 873 22 918 221098 221011 22  ars
OldMai1940 985 22 920 221046 221058 221152 221148 221091 221394 221205 231028 23  ars
OldMai19501115 231163 231015 23 948 23 959 23 997 23 858 23 873 231000 23 834 23  ars
OldMai1960 953 231189 23 995 23 904 23 866 23 616 23 649 23 908 231118 231079 23  ars
OldMai19701037 231038 231078 23 961 23 979 231066 231154 231028 231016 231059 23  ars
OldMai19801148 23 929 23 887 23 858 23 970 23 956 23 978 23 992 23 970 231218 22  ars
OldMai19901051 22 897 221008 22 932 22 947 22 947 22 957 22 804 221139 221030 22  ars
OldMai20001127 221073 229990  09990  09990  09990  09990  09990  09990  09990  0  ars
