SchunnemunkQUALbst.rw -- Schunnemunk, NY QUAL --          1st itrdb line missing  ars
SchunnemunkQUALbst.rw -- no data title --                 2nd itrdb line missing  ars
SchunnemunkQUALbst.rw -- no data title --                 3rd itrdb line missing  ars
Schunn16489990  09990  09990  09990  09990  09990  09990  09990  01356  11083  1  ars
Schunn16501035  1 882  1 825  11408  1 955  1 558  1 646  1 591  1 700  1 596  1  ars
Schunn1660 687  1 933  1 907  1 954  11056  11630  1 783  11106  1 788  1 477  1  ars
Schunn1670 616  2 615  2 700  2 762  2 699  2 841  21082  21278  21161  21104  2  ars
Schunn16801232  2 921  2 982  2 635  2 975  2 782  2 998  21298  21519  2 751  2  ars
Schunn1690 971  21056  21226  21220  21161  21119  41049  4 960  5 920  5 827  5  ars
Schunn1700 882  51001  51125  5 887  5 793  61226  61207  61159  71190  9 956  9  ars
Schunn17101105 101049 111065 111277 141085 141119 141391 141050 14 917 14 990 14  ars
Schunn17201018 14 916 14 848 14 909 15 907 151095 161076 181157 201014 211107 21  ars
Schunn17301112 211006 221031 22 913 22 963 22 902 22 900 22 775 24 636 24 939 24  ars
Schunn1740 816 25 678 25 787 25 818 25 902 25 934 25 891 251086 27 993 27 717 27  ars
Schunn17501152 27 872 271077 271257 271492 271432 281337 281019 28 605 28 639 28  ars
Schunn1760 572 29 526 29 681 29 881 30 878 301024 301327 30 917 301174 30 872 31  ars
Schunn1770 969 31 794 31 850 31 536 311051 31 820 31 821 311253 311017 311196 32  ars
Schunn17801353 321445 321055 321174 32 987 331016 331142 341158 341277 341100 34  ars
Schunn17901004 34 936 35 745 351037 351215 35 901 35 922 35 911 35 966 35 981 35  ars
Schunn18001144 35 914 351023 351133 351346 35 993 351008 351205 351067 35 825 35  ars
Schunn18101169 351109 351137 351100 35 876 351047 35 811 35 926 35 906 35 701 35  ars
Schunn1820 830 35 959 35 923 351001 361024 361004 36 931 37 961 37 965 371126 38  ars
Schunn18301128 381119 381066 381394 381361 381141 381023 381038 38 814 39 825 39  ars
Schunn1840 924 391111 391040 39 912 391075 39 971 391171 39 929 38 915 38 692 38  ars
Schunn18501064 381013 38 741 38 974 381037 39 867 40 859 401027 40 849 401165 42  ars
Schunn18601152 42 898 42 980 421104 42 887 421075 421009 421174 421172 421044 42  ars
Schunn1870 963 421171 421025 42 649 421053 42 945 43 792 43 848 43 986 431125 43  ars
Schunn18801039 431142 43 988 431163 431103 43 939 431002 431087 431037 431061 43  ars
Schunn1890 882 43 886 431115 431015 43 816 431016 431079 43 963 43 858 43 894 43  ars
Schunn19001082 44 849 441061 441171 441221 441051 441120 451040 451020 45 842 45  ars
Schunn1910 852 45 875 45 970 451010 451209 45 970 451090 451066 45 894 45 959 45  ars
Schunn19201166 451062 451050 451011 451072 451088 45 965 451011 451004 45 981 45  ars
Schunn19301011 451072 451140 45 954 45 907 451147 45 940 451085 451065 451111 45  ars
Schunn19401025 45 964 451050 451108 451062 451015 451078 451129 441041 44 881 44  ars
Schunn19501193 441226 441068 441151 44 932 441016 44 888 44 887 44 912 44 913 44  ars
Schunn1960 959 441023 44 869 441070 441087 44 762 44 921 44 998 44 793 44 981 44  ars
Schunn19701055 43 973 43 944 431024 431162 431142 431192 43 946 431124 211086 21  ars
Schunn1980 849 21 576 21 771 21 768 21 831 21 895 21 611 21 714 21 784 211067 21  ars
Schunn19901146 211025 211208 211031 211133 211118 211066 211034 211040 21 851 21  ars
Schunn20001164 211117 219990  09990  09990  09990  09990  09990  09990  09990  0  ars
