UttertownNJquru.rw -- Uttertown, NJ QURU --               1st itrdb line missing  ars
UttertownNJquru.rw -- no data title --                    2nd itrdb line missing  ars
UttertownNJquru.rw -- no data title --                    3rd itrdb line missing  ars
UttQUR17859990  09990  09990  09990  09990  0 810  1 756  1 966  1 563  1 619  1  ars
UttQUR1790 706  1 688  1 629  1 912  1 969  21057  21062  41158  5 925  5 895  5  ars
UttQUR1800 976  5 802  51120  61129  61271  8 973  8 803  91157  91077  9 981  9  ars
UttQUR18101124  91028  91175  91088  9 988  91011  9 890 101073 111099 11 926 11  ars
UttQUR1820 855 111062 101013 101039 101226 101161 101173 101204 101376 101368 10  ars
UttQUR18301409 101038 10 987 101271 111088 12 823 12 803 12 898 12 782 12 659 12  ars
UttQUR1840 710 12 864 12 769 12 764 15 908 15 771 15 944 15 893 15 875 15 743 15  ars
UttQUR1850 887 15 988 15 807 15 799 15 853 16 962 161032 161111 16 943 181015 19  ars
UttQUR18601037 19 883 20 974 21 966 22 892 22 932 22 875 22 941 23 979 231116 25  ars
UttQUR18701047 251010 251066 27 968 271169 27 978 27 910 281039 291098 291004 31  ars
UttQUR18801124 311249 33 994 341028 34 845 35 862 35 957 351036 35 878 341141 34  ars
UttQUR18901024 34 878 351014 35 963 35 903 36 818 371099 371101 38 988 38 880 38  ars
UttQUR1900 908 38 831 381046 381025 381373 381161 381374 381216 381126 38 952 38  ars
UttQUR1910 839 38 715 38 661 38 699 38 873 38 857 39 928 391028 39 988 391154 39  ars
UttQUR19201449 391372 391241 391126 391248 391205 40 946 40 920 401028 401031 40  ars
UttQUR19301129 401114 401050 401013 40 925 40 788 40 681 40 863 401091 40 913 40  ars
UttQUR1940 742 40 812 40 960 40 946 40 862 40 922 40 954 401202 401122 401000 40  ars
UttQUR19501059 401154 401130 401073 40 912 401249 401052 401014 401298 401151 40  ars
UttQUR19601127 401149 40 922 401165 401155 40 819 40 687 40 763 40 610 40 690 40  ars
UttQUR1970 508 40 650 40 898 40 902 401142 401491 401253 401007 401177 401168 40  ars
UttQUR19801122 40 989 401107 401020 40 927 401134 401139 401115 40 999 40 988 40  ars
UttQUR1990 991 40 712 40 970 40 996 401114 401051 401039 40 989 401152 40 881 40  ars
UttQUR20001146 401173 409990  09990  09990  09990  09990  09990  09990  09990  0  ars
