UttertownLITUb67.rw -- Uttertown, NJ LITU --              1st itrdb line missin   ars
UttertownLITUb67.rw -- no data title --                   2nd itrdb line missin   ars
UttertownLITUb67.rw -- no data title --                   3rd itrdb line missin   ars
UttLIT17329990  09990  0 974  21043  21303  2 998  2 925  2 718  2 733  2 857  2  ars
UttLIT1740 963  31054  31136  31176  31291  41203  41298  51452  51184  5 918  5  ars
UttLIT17501093  61014  61112  71161  71315  7 938  71238  71042  71156  71140  7  ars
UttLIT17601060  7 975  7 755  8 886  8 967  8 960  81066  8 990  91197  9 899  9  ars
UttLIT17701019  9 998  9 924  9 797  9 728  9 705  9 719  9 830 10 737 10 842 10  ars
UttLIT17801038 101053 10 927 10 698 10 680 10 815 10 982 10 841 111158 111182 11  ars
UttLIT1790 910 11 776 11 749 111090 111052 11 942 111088 121155 121194 121101 12  ars
UttLIT1800 772 12 643 12 956 121033 121168 111104 111075 111451 111330 11 955 11  ars
UttLIT1810 937 11 947 111026 11 997 111108 111194 111029 11 948 121090 12 754 12  ars
UttLIT1820 739 13 857 13 833 13 823 13 858 131011 13 840 131201 131237 131119 13  ars
UttLIT18301214 131141 131237 131117 131097 13 853 13 987 13 904 13 907 13 596 13  ars
UttLIT1840 866 13 892 13 907 13 652 13 705 13 803 13 975 131373 131237 13 953 13  ars
UttLIT18501213 131064 13 778 13 976 131144 131171 131012 141182 151049 151006 15  ars
UttLIT1860 996 17 809 171070 181298 181096 18 958 18 976 201113 201269 201114 21  ars
UttLIT18701258 221199 221112 23 881 231043 23 793 24 634 24 710 24 813 24 836 24  ars
UttLIT18801114 241151 24 953 24 981 24 877 25 849 25 921 251067 25 788 251054 25  ars
UttLIT18901248 251048 251160 251044 251043 25 900 251205 251092 251045 25 959 25  ars
UttLIT1900 833 25 909 251122 251011 251275 251004 251250 251001 26 933 26 941 26  ars
UttLIT1910 915 261040 26 921 26 829 26 971 26 670 26 701 26 741 26 604 261135 26  ars
UttLIT19201157 261282 271289 271119 27 943 271075 27 911 27 998 271180 271127 27  ars
UttLIT19301064 271151 271203 271148 27 971 27 933 27 860 27 917 271084 27 962 27  ars
UttLIT1940 671 27 758 27 984 27 980 27 771 271076 271056 271125 271138 27 996 27  ars
UttLIT19501065 271181 271371 27 962 27 813 271003 271045 27 899 27 939 271065 27  ars
UttLIT19601051 271195 27 894 271051 27 935 27 770 27 556 27 753 27 948 27 881 27  ars
UttLIT19701144 271211 271320 271221 271258 271257 271131 27 870 27 999 27 952 27  ars
UttLIT1980 994 27 782 271001 27 953 27 839 271132 271020 271095 27 768 27 921 27  ars
UttLIT19901175 27 864 271008 27 907 27 924 271117 271021 271062 271054 27 833 27  ars
UttLIT20001031 271142 27 916 27 952  29990  09990  09990  09990  09990  09990  0  ars
