UttQUsppCutHistoB.rw -- Uttertown, NY QUspp --            1st itrdb line missin   ars
UttQUsppCutHistoB.rw -- no data title --                  2nd itrdb line missin   ars
UttQUsppCutHistoB.rw -- no data title --                  3rd itrdb line missin   ars
UttQUs14919990  01004  21495  31078  31171  31165  3 948  3 956  3 908  3 890  3  ars
UttQUs15001071  3 960  3 896  3 847  3 923  3 689  3 752  3 734  3 839  3 693  3  ars
UttQUs1510 808  3 867  3 972  3 949  3 974  3 975  3 868  31002  3 709  3 893  3  ars
UttQUs15201004  3 928  31005  41096  4 966  41103  41148  41128  41163  41089  4  ars
UttQUs15301192  4 969  5 991  51024  5 988  51180  51007  51197  51009  51022  5  ars
UttQUs15401122  51145  51164  51234  5 819  5 704  51034  61032  6 920  6 822  6  ars
UttQUs1550 804  6 968  61017  61086  61037  6 989  6 892  6 892  6 902  61146  6  ars
UttQUs1560 967  6 942  6 995  61142  6 930  6 975  61154  61178  61139  61207  6  ars
UttQUs15701080  6 961  6 777  6 615  6 866  6 923  61158  61054  61269  81217  8  ars
UttQUs15801082  81264  91048  91056 101101 121152 121139 121020 121128 12 986 12  ars
UttQUs15901089 121029 12 961 121135 121136 12 985 121027 111071 11 972 111055 12  ars
UttQUs16001253 12 929 121143 12 906 121018 121052 121013 12 832 12 766 14 887 14  ars
UttQUs16101071 14 850 15 794 151071 17 905 17 968 18 898 181071 18 991 19 979 19  ars
UttQUs1620 887 20 908 20 946 20 889 20 924 20 763 20 876 20 621 20 744 20 944 20  ars
UttQUs1630 937 22 906 221027 221013 22 914 22 930 221038 221017 221124 221003 22  ars
UttQUs16401118 231283 231077 231319 241085 24 868 251031 251034 251040 25 965 25  ars
UttQUs1650 932 25 942 261029 261014 26 983 261039 261257 26 993 261150 261005 27  ars
UttQUs1660 859 27 821 27 855 27 934 27 865 27 664 27 710 27 747 27 999 271113 27  ars
UttQUs16701072 28 958 281101 281225 281027 281126 28 961 281108 281085 28 982 28  ars
UttQUs16801100 28 748 281056 28 885 291081 29 796 30 846 30 842 301057 301100 30  ars
UttQUs16901019 30 929 301027 30 978 301237 301192 301093 301009 30 766 30 825 30  ars
UttQUs1700 964 30 972 30 968 30 968 30 865 301027 301133 30 986 301024 31 961 31  ars
UttQUs17101211 301041 30 995 301075 30 825 301111 301105 30 990 291034 30 953 30  ars
UttQUs17201079 281063 27 865 27 881 26 898 261097 251010 241048 24 971 241033 24  ars
UttQUs17301051 241073 241028 22 991 22 871 21 912 21 994 211046 21 974 161002 16  ars
UttQUs1740 931 16 775 16 912 17 971 17 847 171164 17 882 171275 17 975 17 915 16  ars
UttQUs17501118 16 889 161027 161113 161337 20 914 201316 211100 21 989 23 997 24  ars
UttQUs17601103 26 993 26 814 261037 26 875 26 963 261200 261142 261227 27 869 27  ars
UttQUs1770 975 28 993 28 872 28 836 28 900 28 892 28 915 281153 281031 281075 28  ars
UttQUs17801118 281144 281075 29 938 29 941 29 902 29 952 29 920 291201 291087 29  ars
UttQUs1790 952 30 719 30 790 301000 30 916 30 981 30 867 301048 311062 31 939 31  ars
UttQUs1800 954 32 805 331106 331016 331193 331008 33 989 331126 331092 35 892 35  ars
UttQUs1810 976 35 941 351068 35 997 35 951 351054 36 748 36 975 36 969 36 806 36  ars
UttQUs1820 794 361013 36 835 36 920 361053 371058 371061 371248 371288 371143 37  ars
UttQUs18301191 371039 37 999 371090 371014 38 903 38 842 38 958 38 813 38 744 38  ars
UttQUs1840 881 38 944 38 908 38 691 38 957 38 824 38 985 381026 381029 39 776 39  ars
UttQUs18501180 391106 39 824 391056 391078 391050 39 947 391136 39 895 391100 39  ars
UttQUs18601078 39 883 391106 391026 39 919 391044 40 932 401059 40 994 40 971 40  ars
UttQUs18701001 421055 42 918 42 784 421122 42 832 42 846 421036 421118 43 934 43  ars
UttQUs18801101 431157 431077 431141 44 925 44 921 44 969 441009 44 865 441247 44  ars
UttQUs18901030 44 809 441187 44 971 44 907 44 997 441133 44 971 44 991 44 785 44  ars
UttQUs1900 934 44 957 441076 44 937 441262 44 941 441256 441030 44 938 44 970 44  ars
UttQUs1910 838 44 905 44 922 44 935 441027 44 870 44 885 44 950 44 748 441101 44  ars
UttQUs19201151 451175 451172 45 983 451092 451062 45 923 451059 451198 451000 45  ars
UttQUs19301096 451138 451062 451111 451069 45 966 45 878 451018 45 981 45 976 45  ars
UttQUs1940 923 45 894 451026 451022 45 880 45 922 441045 441187 44 917 43 889 43  ars
UttQUs19501019 431060 431164 431047 43 885 431094 431084 43 946 431288 431025 43  ars
UttQUs19601031 431125 43 848 431106 431057 43 765 43 883 431064 43 906 43 846 43  ars
UttQUs1970 682 43 976 431002 421014 421106 421312 421080 42 950 421139 42 916 42  ars
UttQUs1980 978 42 945 421118 421056 42 998 411054 411017 41 975 40 919 401049 40  ars
UttQUs19901048 39 832 391141 36 882 361137 271179 271100 27 978 271128 27 900 27  ars
UttQUs20001136 261019 26 967 219990  09990  09990  09990  09990  09990  09990  0  ars
